*ADINA-A 9.2.B                                                                  
C*!!! DO NOT EDIT THE NEXT   4 RECORDS WHICH CONTROL FILE I/O                   
C*FILEIO   2                                                                    
C*RES   8   2                                                                   
C*POR  60   2                                                                   
C*FILEIO                                                                        
C*ADINA                                                                         
 *** NO HEADING DEFINED ***
C***  [1] MASTER CONTROL RECORD 1
        37   0000000    1    0    1         1  1.000000000000        0        37
  0.000000000000    010 4    0    1  0 0    0    0    2    0    0 00 0       0.0
         0         0       0.01.00000000       0.0    0    0    0    8  100    0
    0    0    0    0       0.0       0.0    0    0         0         0 0  0    0
         1         0    0    0    0 0  0        37    0    0    0    0    0    0
         1         0         0       0.0       0.0       0.0       0.0    0    0
.100000E-51000000.00         0         0         0       0.0    013  1         0
C***  [2] MASTER CONTROL RECORD 2
         1         8         0    0    0    2 3000 1 0 0 0 0 0 0 0 00001      00
         0        37         0         0         0         0        37         0
         0.100000E-9    1    0    0    0    0    000  0 0  0 0  0    1    0    0
         0         0         0         0         0         0         045.0000000
C***  [3] LOAD CONTROL
         0         0         0         0         0         0         0         0
         0         0         0         0         0         0        -1         0
         0         0         0         0         0         0         0         0
    0    0    0    0    2    0    0    0    0    0    0    0    0    0    0 0  0
C***  [4] MASS AND DAMPING CONTROL
    0    0    0    0       0.0       0.0         0         0.100000E-3    0    0
    0    0    0    0    0    0    0    0
C***  [5] EIGENVALUE SOLUTION CONTROL
    0    1    0   -1    0    0    0    0    1            0.0    1   50    0
    0    0    0    0    1    0    1            0.0       0.0.540000000       0.0
C***  [6] TIME INTEGRATION METHOD CONTROL
    0    0.500000000.250000000    0    0    0    0    0.010000000              0
         1.900000000.0010000008.00000000       0.0       0.01.00000000.500000000
C***  [7] INCREMENTAL SOLUTION CONTROL
 3  0   -3  1 120 15.001000000.010000000.050000000.500000000       0.0       0.0
C***  [7A] ITERATIVE SOLUTION PARAMETERS
    0    4    1.100000E-5.100000E-3.100000E-71.00000000       0.0    0       0.0
C***  [8] PRINT-OUT CONTROL
    1    0    0    1    1    1    0    0    1    0    0    1    0    0    0    2
C***  [9] PORTHOLE SAVE CONTROL
    1    1    1   60   60    0         1    1    1    1    1    0    0.100000E-8
C***  STIFFNESS REFORMATION TIME STEP BLOCKS
         1         1         1
C***  EQUILIBRIUM ITERATION TIME STEP BLOCKS
         1         1         1
C***  NODAL RESPONSE SAVE TIME STEP BLOCKS
         1         1         1
C***  ELEMENT RESPONSE SAVE TIME STEP BLOCKS
         1         1         1
C***  NODAL QUANTITIES SAVE NODE BLOCKS
         1         1         1
C***  TIME FUNCTIONS
         1         2
         1         2         1            0.000000000000      0.000000000000    
  0.000000000000    
  0.000000000000      1.000000000000     0.1000000000000E+21  1.000000000000    
C***  FSI CONTROL
         0         0         0         0         0         0
C***  NODAL POINT DATA
         1  0.000000000000      0.000000000000      0.000000000000     0 0 1 0 0
       101         0         0         0         0         0         0          
         0         0         0         0         0         0
         2 0.6666666666667      0.000000000000      0.000000000000     0 0 1 0 0
         1         0         0         0         0         0         0          
         1         2         0         0         0         0
         3  1.000000000000      0.000000000000      0.000000000000     0 0 1 0 0
       101         0         0         0         0         0         0          
         0         0         0         0         0         0
         4  0.000000000000     0.2500000000000      0.000000000000     0 0 1 0 0
         1         0         0         0         0         0         0          
         3         4         0         0         0         0
         5 0.6666666666667     0.2500000000000      0.000000000000     0 0 1 0 0
         1         0         0         0         0         0         0          
         5         6         0         0         0         0
         6  1.000000000000     0.2500000000000      0.000000000000     0 0 1 0 0
         1         0         0         0         0         0         0          
         7         8         0         0         0         0
         7  0.000000000000     0.5000000000000      0.000000000000     0 0 1 0 0
         1         0         0         0         0         0         0          
         9        10         0         0         0         0
         8 0.6666666666667     0.5000000000000      0.000000000000     0 0 1 0 0
         1         0         0         0         0         0         0          
        11        12         0         0         0         0
         9  1.000000000000     0.5000000000000      0.000000000000     0 0 1 0 0
         1         0         0         0         0         0         0          
        13        14         0         0         0         0
        10 0.3333333333333      0.000000000000      0.000000000000     0 0 1 0 0
         1         0         0         0         0         0         0          
        15        16         0         0         0         0
        11 0.8333333333333      0.000000000000      0.000000000000     0 0 1 0 0
         1         0         0         0         0         0         0          
        17        18         0         0         0         0
        12 0.3333333333333     0.2500000000000      0.000000000000     0 0 1 0 0
         1         0         0         0         0         0         0          
        19        20         0         0         0         0
        13 0.8333333333333     0.2500000000000      0.000000000000     0 0 1 0 0
         1         0         0         0         0         0         0          
        21        22         0         0         0         0
        14 0.3333333333333     0.5000000000000      0.000000000000     0 0 1 0 0
         1         0         0         0         0         0         0          
        23        24         0         0         0         0
        15 0.8333333333333     0.5000000000000      0.000000000000     0 0 1 0 0
         1         0         0         0         0         0         0          
        25        26         0         0         0         0
        16  0.000000000000     0.1250000000000      0.000000000000     0 0 1 0 0
         1         0         0         0         0         0         0          
        27        28         0         0         0         0
        17  0.000000000000     0.3750000000000      0.000000000000     0 0 1 0 0
         1         0         0         0         0         0         0          
        29        30         0         0         0         0
        18 0.6666666666667     0.1250000000000      0.000000000000     0 0 1 0 0
         1         0         0         0         0         0         0          
        31        32         0         0         0         0
        19 0.6666666666667     0.3750000000000      0.000000000000     0 0 1 0 0
         1         0         0         0         0         0         0          
        33        34         0         0         0         0
        20  1.000000000000     0.1250000000000      0.000000000000     0 0 1 0 0
         1         0         0         0         0         0         0          
        35        36         0         0         0         0
        21  1.000000000000     0.3750000000000      0.000000000000     0 0 1 0 0
         1         0         0         0         0         0         0          
        37        38         0         0         0         0
        22  0.000000000000     0.7500000000000      0.000000000000     0 0 1 0 0
         1         0         0         0         0         0         0          
        39        40         0         0         0         0
        23 0.4309644062712     0.6809644062712      0.000000000000     0 0 1 0 0
         1         0         0         0         0         0         0          
        41        42         0         0         0         0
        24 0.6464466094067     0.6464466094067      0.000000000000     0 0 1 0 0
         1         0         0         0         0         0         0          
        43        44         0         0         0         0
        25  0.000000000000      1.000000000000      0.000000000000     0 0 1 0 0
         1         0         0         0         0         0         0          
        45        46         0         0         0         0
        26 0.3333333333333      1.000000000000      0.000000000000     0 0 1 0 0
         1         0         0         0         0         0         0          
        47        48         0         0         0         0
        27 0.5000000000000      1.000000000000      0.000000000000     0 0 1 0 0
         1         0         0         0         0         0         0          
        49        50         0         0         0         0
        28 0.2154822031356     0.7154822031356      0.000000000000     0 0 1 0 0
         1         0         0         0         0         0         0          
        51        52         0         0         0         0
        29 0.5387055078389     0.6637055078389      0.000000000000     0 0 1 0 0
         1         0         0         0         0         0         0          
        53        54         0         0         0         0
        30 0.1666666666667      1.000000000000      0.000000000000     0 0 1 0 0
         1         0         0         0         0         0         0          
        55        56         0         0         0         0
        31 0.4166666666667      1.000000000000      0.000000000000     0 0 1 0 0
         1         0         0         0         0         0         0          
        57        58         0         0         0         0
        32  0.000000000000     0.6250000000000      0.000000000000     0 0 1 0 0
         1         0         0         0         0         0         0          
        59        60         0         0         0         0
        33  0.000000000000     0.8750000000000      0.000000000000     0 0 1 0 0
         1         0         0         0         0         0         0          
        61        62         0         0         0         0
        34 0.5391055225450     0.5670401558296      0.000000000000     0 0 1 0 0
         1         0         0         0         0         0         0          
        63        64         0         0         0         0
        35 0.3587068224962     0.8307721892116      0.000000000000     0 0 1 0 0
         1         0         0         0         0         0         0          
        65        66         0         0         0         0
        36 0.8086582838175     0.5380602337444      0.000000000000     0 0 1 0 0
         1         0         0         0         0         0         0          
        67        68         0         0         0         0
        37 0.5380602337444     0.8086582838175      0.000000000000     0 0 1 0 0
         1         0         0         0         0         0         0          
        69        70         0         0         0         0
C***  INITIAL CONDITIONS
    0    0    1    0    0    0    0    0    0    0    0       0.0       0.0
        37       0.0         0
C***  ELEMENT GROUP          1     TWODSOLID
 2     8   0   0   1   0   8   1   0   3   0   0   0   0   1   1   0   0 1     1
   0   0   0   0   0   0   0   0   0   0   0   0   0   0   0   0   0   0   0   0
       0       0       0       0       0       0       0       0       0       0
       0       0       0      -1       0       0       0       0       0       0
       0       0       0       0       0       0       0       0       0       0
       0       0       0       0      26       0       1       0       0       0
  0.000000000000      0.000000000000      0.000000000000      0.000000000000    
  0.000000000000      0.000000000000      0.000000000000      0.000000000000    
  0.000000000000      1.000000000000      0.000000000000      0.000000000000    
  0.000000000000      0.000000000000      0.000000000000      0.000000000000    
         0         0         0         0         0         0         0         0
         0         0         0         0         0         0         0         0
         0         0         0         0         0         0         0         7
         9     17441
C***  MATERIAL PROPERTIES
         1  1.000000000000    
  10.00000000000     0.3000000000000     0.1000000000000E-05
C***  ELEMENT DATA
         1  8 0    1    1000 1       0.01.00000000       0.0       0.0       0.0
         1         2         5         4        10        18        12        16
         2  8 0    1    1000 1       0.01.00000000       0.0       0.0       0.0
         2         3         6         5        11        20        13        18
         3  8 0    1    1000 1       0.01.00000000       0.0       0.0       0.0
         4         5         8         7        12        19        14        17
         4  8 0    1    1000 1       0.01.00000000       0.0       0.0       0.0
         5         6         9         8        13        21        15        19
         5  8 0    1    1000 1       0.01.00000000       0.0       0.0       0.0
         7         8        23        22        14        34        28        32
         6  8 0    1    1000 1       0.01.00000000       0.0       0.0       0.0
         8         9        24        23        15        36        29        34
         7  8 0    1    1000 1       0.01.00000000       0.0       0.0       0.0
        22        23        26        25        28        35        30        33
         8  8 0    1    1000 1       0.01.00000000       0.0       0.0       0.0
        23        24        27        26        29        37        31        35
C*** MASS-PROPORTIONAL LOADS
         1       0.01.00000000       0.01.00000000    1         0    0
STOP
