1	1	2	43	42	0	0	0	0	0
2	2	3	44	43	0	0	0	0	0
3	3	4	45	44	0	0	0	0	0
4	4	5	46	45	0	0	0	0	0
5	5	6	47	46	0	0	0	0	0
6	6	7	48	47	0	0	0	0	0
7	7	8	49	48	0	0	0	0	0
8	8	9	50	49	0	0	0	0	0
9	9	10	51	50	0	0	0	0	0
10	10	11	52	51	0	0	0	0	0
11	11	12	53	52	0	0	0	0	0
12	12	13	54	53	0	0	0	0	0
13	13	14	55	54	0	0	0	0	0
14	14	15	56	55	0	0	0	0	0
15	15	16	57	56	0	0	0	0	0
16	16	17	58	57	0	0	0	0	0
17	17	18	59	58	0	0	0	0	0
18	18	19	60	59	0	0	0	0	0
19	19	20	61	60	0	0	0	0	0
20	20	21	62	61	0	0	0	0	0
21	21	22	63	62	0	0	0	0	0
22	22	23	64	63	0	0	0	0	0
23	23	24	65	64	0	0	0	0	0
24	24	25	66	65	0	0	0	0	0
25	25	26	67	66	0	0	0	0	0
26	26	27	68	67	0	0	0	0	0
27	27	28	69	68	0	0	0	0	0
28	28	29	70	69	0	0	0	0	0
29	29	30	71	70	0	0	0	0	0
30	30	31	72	71	0	0	0	0	0
31	31	32	73	72	0	0	0	0	0
32	32	33	74	73	0	0	0	0	0
33	33	34	75	74	0	0	0	0	0
34	34	35	76	75	0	0	0	0	0
35	35	36	77	76	0	0	0	0	0
36	36	37	78	77	0	0	0	0	0
37	37	38	79	78	0	0	0	0	0
38	38	39	80	79	0	0	0	0	0
39	39	40	81	80	0	0	0	0	0
40	40	41	82	81	0	0	0	0	0
41	42	43	84	83	0	0	0	0	0
42	43	44	85	84	0	0	0	0	0
43	44	45	86	85	0	0	0	0	0
44	45	46	87	86	0	0	0	0	0
45	46	47	88	87	0	0	0	0	0
46	47	48	89	88	0	0	0	0	0
47	48	49	90	89	0	0	0	0	0
48	49	50	91	90	0	0	0	0	0
49	50	51	92	91	0	0	0	0	0
50	51	52	93	92	0	0	0	0	0
51	52	53	94	93	0	0	0	0	0
52	53	54	95	94	0	0	0	0	0
53	54	55	96	95	0	0	0	0	0
54	55	56	97	96	0	0	0	0	0
55	56	57	98	97	0	0	0	0	0
56	57	58	99	98	0	0	0	0	0
57	58	59	100	99	0	0	0	0	0
58	59	60	101	100	0	0	0	0	0
59	60	61	102	101	0	0	0	0	0
60	61	62	103	102	0	0	0	0	0
61	62	63	104	103	0	0	0	0	0
62	63	64	105	104	0	0	0	0	0
63	64	65	106	105	0	0	0	0	0
64	65	66	107	106	0	0	0	0	0
65	66	67	108	107	0	0	0	0	0
66	67	68	109	108	0	0	0	0	0
67	68	69	110	109	0	0	0	0	0
68	69	70	111	110	0	0	0	0	0
69	70	71	112	111	0	0	0	0	0
70	71	72	113	112	0	0	0	0	0
71	72	73	114	113	0	0	0	0	0
72	73	74	115	114	0	0	0	0	0
73	74	75	116	115	0	0	0	0	0
74	75	76	117	116	0	0	0	0	0
75	76	77	118	117	0	0	0	0	0
76	77	78	119	118	0	0	0	0	0
77	78	79	120	119	0	0	0	0	0
78	79	80	121	120	0	0	0	0	0
79	80	81	122	121	0	0	0	0	0
80	81	82	123	122	0	0	0	0	0
81	83	84	125	124	0	0	0	0	0
82	84	85	126	125	0	0	0	0	0
83	85	86	127	126	0	0	0	0	0
84	86	87	128	127	0	0	0	0	0
85	87	88	129	128	0	0	0	0	0
86	88	89	130	129	0	0	0	0	0
87	89	90	131	130	0	0	0	0	0
88	90	91	132	131	0	0	0	0	0
89	91	92	133	132	0	0	0	0	0
90	92	93	134	133	0	0	0	0	0
91	93	94	135	134	0	0	0	0	0
92	94	95	136	135	0	0	0	0	0
93	95	96	137	136	0	0	0	0	0
94	96	97	138	137	0	0	0	0	0
95	97	98	139	138	0	0	0	0	0
96	98	99	140	139	0	0	0	0	0
97	99	100	141	140	0	0	0	0	0
98	100	101	142	141	0	0	0	0	0
99	101	102	143	142	0	0	0	0	0
100	102	103	144	143	0	0	0	0	0
101	103	104	145	144	0	0	0	0	0
102	104	105	146	145	0	0	0	0	0
103	105	106	147	146	0	0	0	0	0
104	106	107	148	147	0	0	0	0	0
105	107	108	149	148	0	0	0	0	0
106	108	109	150	149	0	0	0	0	0
107	109	110	151	150	0	0	0	0	0
108	110	111	152	151	0	0	0	0	0
109	111	112	153	152	0	0	0	0	0
110	112	113	154	153	0	0	0	0	0
111	113	114	155	154	0	0	0	0	0
112	114	115	156	155	0	0	0	0	0
113	115	116	157	156	0	0	0	0	0
114	116	117	158	157	0	0	0	0	0
115	117	118	159	158	0	0	0	0	0
116	118	119	160	159	0	0	0	0	0
117	119	120	161	160	0	0	0	0	0
118	120	121	162	161	0	0	0	0	0
119	121	122	163	162	0	0	0	0	0
120	122	123	164	163	0	0	0	0	0
121	124	125	166	165	0	0	0	0	0
122	125	126	167	166	0	0	0	0	0
123	126	127	168	167	0	0	0	0	0
124	127	128	169	168	0	0	0	0	0
125	128	129	170	169	0	0	0	0	0
126	129	130	171	170	0	0	0	0	0
127	130	131	172	171	0	0	0	0	0
128	131	132	173	172	0	0	0	0	0
129	132	133	174	173	0	0	0	0	0
130	133	134	175	174	0	0	0	0	0
131	134	135	176	175	0	0	0	0	0
132	135	136	177	176	0	0	0	0	0
133	136	137	178	177	0	0	0	0	0
134	137	138	179	178	0	0	0	0	0
135	138	139	180	179	0	0	0	0	0
136	139	140	181	180	0	0	0	0	0
137	140	141	182	181	0	0	0	0	0
138	141	142	183	182	0	0	0	0	0
139	142	143	184	183	0	0	0	0	0
140	143	144	185	184	0	0	0	0	0
141	144	145	186	185	0	0	0	0	0
142	145	146	187	186	0	0	0	0	0
143	146	147	188	187	0	0	0	0	0
144	147	148	189	188	0	0	0	0	0
145	148	149	190	189	0	0	0	0	0
146	149	150	191	190	0	0	0	0	0
147	150	151	192	191	0	0	0	0	0
148	151	152	193	192	0	0	0	0	0
149	152	153	194	193	0	0	0	0	0
150	153	154	195	194	0	0	0	0	0
151	154	155	196	195	0	0	0	0	0
152	155	156	197	196	0	0	0	0	0
153	156	157	198	197	0	0	0	0	0
154	157	158	199	198	0	0	0	0	0
155	158	159	200	199	0	0	0	0	0
156	159	160	201	200	0	0	0	0	0
157	160	161	202	201	0	0	0	0	0
158	161	162	203	202	0	0	0	0	0
159	162	163	204	203	0	0	0	0	0
160	163	164	205	204	0	0	0	0	0
161	165	166	207	206	0	0	0	0	0
162	166	167	208	207	0	0	0	0	0
163	167	168	209	208	0	0	0	0	0
164	168	169	210	209	0	0	0	0	0
165	169	170	211	210	0	0	0	0	0
166	170	171	212	211	0	0	0	0	0
167	171	172	213	212	0	0	0	0	0
168	172	173	214	213	0	0	0	0	0
169	173	174	215	214	0	0	0	0	0
170	174	175	216	215	0	0	0	0	0
171	175	176	217	216	0	0	0	0	0
172	176	177	218	217	0	0	0	0	0
173	177	178	219	218	0	0	0	0	0
174	178	179	220	219	0	0	0	0	0
175	179	180	221	220	0	0	0	0	0
176	180	181	222	221	0	0	0	0	0
177	181	182	223	222	0	0	0	0	0
178	182	183	224	223	0	0	0	0	0
179	183	184	225	224	0	0	0	0	0
180	184	185	226	225	0	0	0	0	0
181	185	186	227	226	0	0	0	0	0
182	186	187	228	227	0	0	0	0	0
183	187	188	229	228	0	0	0	0	0
184	188	189	230	229	0	0	0	0	0
185	189	190	231	230	0	0	0	0	0
186	190	191	232	231	0	0	0	0	0
187	191	192	233	232	0	0	0	0	0
188	192	193	234	233	0	0	0	0	0
189	193	194	235	234	0	0	0	0	0
190	194	195	236	235	0	0	0	0	0
191	195	196	237	236	0	0	0	0	0
192	196	197	238	237	0	0	0	0	0
193	197	198	239	238	0	0	0	0	0
194	198	199	240	239	0	0	0	0	0
195	199	200	241	240	0	0	0	0	0
196	200	201	242	241	0	0	0	0	0
197	201	202	243	242	0	0	0	0	0
198	202	203	244	243	0	0	0	0	0
199	203	204	245	244	0	0	0	0	0
200	204	205	246	245	0	0	0	0	0
201	206	207	248	247	0	0	0	0	0
202	207	208	249	248	0	0	0	0	0
203	208	209	250	249	0	0	0	0	0
204	209	210	251	250	0	0	0	0	0
205	210	211	252	251	0	0	0	0	0
206	211	212	253	252	0	0	0	0	0
207	212	213	254	253	0	0	0	0	0
208	213	214	255	254	0	0	0	0	0
209	214	215	256	255	0	0	0	0	0
210	215	216	257	256	0	0	0	0	0
211	216	217	258	257	0	0	0	0	0
212	217	218	259	258	0	0	0	0	0
213	218	219	260	259	0	0	0	0	0
214	219	220	261	260	0	0	0	0	0
215	220	221	262	261	0	0	0	0	0
216	221	222	263	262	0	0	0	0	0
217	222	223	264	263	0	0	0	0	0
218	223	224	265	264	0	0	0	0	0
219	224	225	266	265	0	0	0	0	0
220	225	226	267	266	0	0	0	0	0
221	226	227	268	267	0	0	0	0	0
222	227	228	269	268	0	0	0	0	0
223	228	229	270	269	0	0	0	0	0
224	229	230	271	270	0	0	0	0	0
225	230	231	272	271	0	0	0	0	0
226	231	232	273	272	0	0	0	0	0
227	232	233	274	273	0	0	0	0	0
228	233	234	275	274	0	0	0	0	0
229	234	235	276	275	0	0	0	0	0
230	235	236	277	276	0	0	0	0	0
231	236	237	278	277	0	0	0	0	0
232	237	238	279	278	0	0	0	0	0
233	238	239	280	279	0	0	0	0	0
234	239	240	281	280	0	0	0	0	0
235	240	241	282	281	0	0	0	0	0
236	241	242	283	282	0	0	0	0	0
237	242	243	284	283	0	0	0	0	0
238	243	244	285	284	0	0	0	0	0
239	244	245	286	285	0	0	0	0	0
240	245	246	287	286	0	0	0	0	0
241	247	248	289	288	0	0	0	0	0
242	248	249	290	289	0	0	0	0	0
243	249	250	291	290	0	0	0	0	0
244	250	251	292	291	0	0	0	0	0
245	251	252	293	292	0	0	0	0	0
246	252	253	294	293	0	0	0	0	0
247	253	254	295	294	0	0	0	0	0
248	254	255	296	295	0	0	0	0	0
249	255	256	297	296	0	0	0	0	0
250	256	257	298	297	0	0	0	0	0
251	257	258	299	298	0	0	0	0	0
252	258	259	300	299	0	0	0	0	0
253	259	260	301	300	0	0	0	0	0
254	260	261	302	301	0	0	0	0	0
255	261	262	303	302	0	0	0	0	0
256	262	263	304	303	0	0	0	0	0
257	263	264	305	304	0	0	0	0	0
258	264	265	306	305	0	0	0	0	0
259	265	266	307	306	0	0	0	0	0
260	266	267	308	307	0	0	0	0	0
261	267	268	309	308	0	0	0	0	0
262	268	269	310	309	0	0	0	0	0
263	269	270	311	310	0	0	0	0	0
264	270	271	312	311	0	0	0	0	0
265	271	272	313	312	0	0	0	0	0
266	272	273	314	313	0	0	0	0	0
267	273	274	315	314	0	0	0	0	0
268	274	275	316	315	0	0	0	0	0
269	275	276	317	316	0	0	0	0	0
270	276	277	318	317	0	0	0	0	0
271	277	278	319	318	0	0	0	0	0
272	278	279	320	319	0	0	0	0	0
273	279	280	321	320	0	0	0	0	0
274	280	281	322	321	0	0	0	0	0
275	281	282	323	322	0	0	0	0	0
276	282	283	324	323	0	0	0	0	0
277	283	284	325	324	0	0	0	0	0
278	284	285	326	325	0	0	0	0	0
279	285	286	327	326	0	0	0	0	0
280	286	287	328	327	0	0	0	0	0
281	288	289	330	329	0	0	0	0	0
282	289	290	331	330	0	0	0	0	0
283	290	291	332	331	0	0	0	0	0
284	291	292	333	332	0	0	0	0	0
285	292	293	334	333	0	0	0	0	0
286	293	294	335	334	0	0	0	0	0
287	294	295	336	335	0	0	0	0	0
288	295	296	337	336	0	0	0	0	0
289	296	297	338	337	0	0	0	0	0
290	297	298	339	338	0	0	0	0	0
291	298	299	340	339	0	0	0	0	0
292	299	300	341	340	0	0	0	0	0
293	300	301	342	341	0	0	0	0	0
294	301	302	343	342	0	0	0	0	0
295	302	303	344	343	0	0	0	0	0
296	303	304	345	344	0	0	0	0	0
297	304	305	346	345	0	0	0	0	0
298	305	306	347	346	0	0	0	0	0
299	306	307	348	347	0	0	0	0	0
300	307	308	349	348	0	0	0	0	0
301	308	309	350	349	0	0	0	0	0
302	309	310	351	350	0	0	0	0	0
303	310	311	352	351	0	0	0	0	0
304	311	312	353	352	0	0	0	0	0
305	312	313	354	353	0	0	0	0	0
306	313	314	355	354	0	0	0	0	0
307	314	315	356	355	0	0	0	0	0
308	315	316	357	356	0	0	0	0	0
309	316	317	358	357	0	0	0	0	0
310	317	318	359	358	0	0	0	0	0
311	318	319	360	359	0	0	0	0	0
312	319	320	361	360	0	0	0	0	0
313	320	321	362	361	0	0	0	0	0
314	321	322	363	362	0	0	0	0	0
315	322	323	364	363	0	0	0	0	0
316	323	324	365	364	0	0	0	0	0
317	324	325	366	365	0	0	0	0	0
318	325	326	367	366	0	0	0	0	0
319	326	327	368	367	0	0	0	0	0
320	327	328	369	368	0	0	0	0	0
