*ADINA-A 9.3.E                                                                  
C*!!! DO NOT EDIT THE NEXT   4 RECORDS WHICH CONTROL FILE I/O                   
C*FILEIO   2                                                                    
C*RES   8   2                                                                   
C*POR  60   2                                                                   
C*FILEIO                                                                        
C*ADINA                                                                         
 *** NO HEADING DEFINED ***
C***  [1] MASTER CONTROL RECORD 1
         5   0000000    2    0    1         1  1.000000000000        0         5
  0.000000000000    010 4    0    1  0 0    0    0    2    0    0 00 0       0.0
         0         0       0.04.00000000       0.0    0    0    0   12  100    0
    0    0    0    0       0.0       0.0    0    0         0         0 0  0   11
         1         1    0    0    0 0  0         5    0    0    0    0    0    0
         2         0         0       0.0       0.0       0.0       0.0    0    0
.100000E-51000000.00         0         0         0       0.0    013  1         0
C***  [2] MASTER CONTROL RECORD 2
         1         4         0    0    0    2 3000 1 0 0 0 0 0 0 0 00001      00
         0         5         0         0         0         0         5         0
         0.100000E-9    1    0    0    0    0    000  0 0  0 0  0    0    0    0
         0         0         0         0         0         0         045.0000000
    0    0    1
C***  [3] LOAD CONTROL
         3         0         0         1         0         0         0         2
         0         0         0         0         0         0         0         0
         0         0         0         0         0         0         0         0
    0    0    0    0    2    0    0    0    0    0    0    0    0    0    0 0  0
C***  [4] MASS AND DAMPING CONTROL
    0    0    0    0       0.0       0.0         0         0.100000E-3    0    0
    0    0    0    0    0    0    0    0         0         0
C***  [5] EIGENVALUE SOLUTION CONTROL
    0    1    0   -1    0    0    0    0    1            0.0    1   50    0
    0    0    0    0    1    0    1            0.0       0.0.540000000       0.0
C***  [6] TIME INTEGRATION METHOD CONTROL
    0    0.500000000.250000000    0    0    0    0    0.010000000              0
         1.900000000.0010000008.00000000       0.0       0.01.00000000.500000000
C***  [7] INCREMENTAL SOLUTION CONTROL
 3  0   -3  1 120 15.001000000.010000000.050000000.500000000       0.0       0.0
    1
C***  [7A] ITERATIVE SOLUTION PARAMETERS
    0    2    1.100000E-5.100000E-3.100000E-71.00000000       0.0    0       0.0
C***  [8] PRINT-OUT CONTROL
    1    0    0    1    1    1    0    0    1    0    0    1    0    0    0    2
C***  [9] PORTHOLE SAVE CONTROL
    1    1    1   60   60    0         1    1    1    1    1    0    0.100000E-8
C***  STIFFNESS REFORMATION TIME STEP BLOCKS
         1         1         1
C***  EQUILIBRIUM ITERATION TIME STEP BLOCKS
         1         1         1
C***  NODAL RESPONSE SAVE TIME STEP BLOCKS
         1         1         1
C***  ELEMENT RESPONSE SAVE TIME STEP BLOCKS
         1         1         1
C***  NODAL QUANTITIES SAVE NODE BLOCKS
         1         1         1
C***  TIME FUNCTIONS
         1         2
         1         2         1            0.000000000000      0.000000000000    
  0.000000000000    
  0.000000000000      1.000000000000     0.1000000000000E+21  1.000000000000    
C***  FSI CONTROL
         0         0         0         0         0         0
C***  NODAL POINT DATA
         1  0.000000000000      3.000000000000      0.000000000000     0 0 1 0 0
         1         0         0         0         0         0         0          
         1         2         3         4         5         6
         2  2.000000000000      4.000000000000      0.000000000000     0 0 1 0 0
         1         0         0         0         0         0         0          
         7         8         9        10        11        12
         3  4.000000000000      3.000000000000      0.000000000000     0 0 1 0 0
         1         0         0         0         0         0         0          
        13        14        15        16        17        18
         4  0.000000000000      0.000000000000      0.000000000000     0 0 1 0 0
       101         0         0         0         0         0         0          
         0         0         0         0         0         0
         5  4.000000000000      0.000000000000      0.000000000000     0 0 1 0 0
       101         0         0         0         0         0         0          
         0         0         0         0         0         0
C***  INITIAL CONDITIONS
    0    0    1    0    0    0    0    0    0    0    0       0.0       0.0
         5       0.0         0
C***  ELEMENT GROUP          1     BEAM
 4     2   0   0   1   0   3   0   5   0   0   0   0   0   1   1   0   0 1     1
   0   0   0   0   0   0   0   0   0   0   0   0   0   0   0   0   0   0   0   0
       0       0       0       0       0       0       0       0       0       0
       0       0       0      -1       0       0       0       0       0      27
       0       0       2       0       0       0       0       1      22      40
       0       0       0       0       0       0       1       0       0       0
  0.000000000000      0.000000000000      0.000000000000      0.000000000000    
 0.1000000000000E-01  0.000000000000      0.000000000000      0.000000000000    
  0.000000000000      0.000000000000      0.000000000000      0.000000000000    
  0.000000000000      0.000000000000      0.000000000000      0.000000000000    
C***  SECTION AND MATERIAL PROPERTIES
         1  0.000000000000    
         2        22        40         0         6        11         0         0
         2         0         3         3         3         3         3         3
         1        39         1      1112         1         0
 0.8200000000000E-01 0.1600000000000     0.8200000000000E-01 0.7400000000000E-02
 0.5000000000000E-02 0.7400000000000E-02  0.000000000000      0.000000000000    
  1.000000000000      0.000000000000      0.000000000000      0.000000000000    
  0.000000000000      0.000000000000      0.000000000000      0.000000000000    
  0.000000000000      0.000000000000      0.000000000000      0.000000000000    
  0.000000000000      0.000000000000      0.000000000000      0.000000000000    
  0.000000000000      0.000000000000      0.000000000000      0.000000000000    
  0.000000000000      0.000000000000      0.000000000000      0.000000000000    
  0.000000000000      0.000000000000      0.000000000000      0.000000000000    
  0.000000000000      0.000000000000      0.000000000000      0.000000000000    
  210000000000.0     0.3000000000000     0.1200000000000E-04
C***  ELEMENT DATA
         1         1         2         0    1    0    1       0.0    0 0  1 1  0
       0.0       0.0       0.0       0.01.00000000       0.0       0.01.00000000
         2         2         3         0    1    0    1       0.0    0 0  1 1  0
       0.0       0.0       0.0       0.01.00000000       0.0       0.01.00000000
C***  ELEMENT GROUP          2     BEAM
 4     2   0   0   1   0   3   0   5   0   0   0   0   0   1   1   0   0 1     2
   0   0   0   0   0   0   0   0   0   0   0   0   0   0   0   0   0   0   0   0
       0       0       0       0       0       0       0       0       0       0
       0       0       0      -1       0       0       0       0       0      27
       0       0       2       0       0       0       0       1      22      40
       0       0       0       0       0       0       2       0       0       0
  0.000000000000      0.000000000000      0.000000000000      0.000000000000    
 0.1000000000000E-01  0.000000000000      0.000000000000      0.000000000000    
  0.000000000000      0.000000000000      0.000000000000      0.000000000000    
  0.000000000000      0.000000000000      0.000000000000      0.000000000000    
C***  SECTION AND MATERIAL PROPERTIES
         1  0.000000000000    
         1        22        40         0         6        11         0         0
         2         0         3         3         3         3         3         3
         1        39         1      1112         1         0
 0.1500000000000     0.3000000000000     0.1500000000000     0.1070000000000E-01
 0.7100000000000E-02 0.1070000000000E-01  0.000000000000      0.000000000000    
  1.000000000000      0.000000000000      0.000000000000      0.000000000000    
  0.000000000000      0.000000000000      0.000000000000      0.000000000000    
  0.000000000000      0.000000000000      0.000000000000      0.000000000000    
  0.000000000000      0.000000000000      0.000000000000      0.000000000000    
  0.000000000000      0.000000000000      0.000000000000      0.000000000000    
  0.000000000000      0.000000000000      0.000000000000      0.000000000000    
  0.000000000000      0.000000000000      0.000000000000      0.000000000000    
  0.000000000000      0.000000000000      0.000000000000      0.000000000000    
  210000000000.0     0.3000000000000     0.1200000000000E-04
C***  ELEMENT DATA
         1         4         1         0    1    0    1       0.0    0 0  1 1  0
       0.0       0.0       0.0       0.01.00000000       0.0       0.01.00000000
         2         3         5         0    1    0    1       0.0    0 0  1 1  0
       0.0       0.0       0.0       0.01.00000000       0.0       0.01.00000000
C*** CONCENTRATED LOADS
         1    3         12000.00000       0.0    0         0         0
         2    3         12000.00000       0.0    0         0         0
         3    1         1-5000.0000       0.0    0         0         0
C*** DISTRIBUTED BEAM LOADS
         1    0-10000.000-10000.000    1       0.0    0    0
         2         3         1         1         2
C*** PRESCRIBED TEMPERATURES
  0.000000000000             0
         1         1  20.00000000000      0.000000000000        2
         4         1  20.00000000000      0.000000000000        2
STOP
