1	1	7	8	2	122	72	132	67	0
2	2	8	9	3	132	73	142	68	0
3	3	9	10	4	142	74	152	69	0
4	4	10	11	5	152	75	162	70	0
5	5	11	12	6	162	76	172	71	0
6	7	13	14	8	123	77	133	72	0
7	8	14	15	9	133	78	143	73	0
8	9	15	16	10	143	79	153	74	0
9	10	16	17	11	153	80	163	75	0
10	11	17	18	12	163	81	173	76	0
11	13	19	20	14	124	82	134	77	0
12	14	20	21	15	134	83	144	78	0
13	15	21	22	16	144	84	154	79	0
14	16	22	23	17	154	85	164	80	0
15	17	23	24	18	164	86	174	81	0
16	19	25	26	20	125	87	135	82	0
17	20	26	27	21	135	88	145	83	0
18	21	27	28	22	145	89	155	84	0
19	22	28	29	23	155	90	165	85	0
20	23	29	30	24	165	91	175	86	0
21	25	31	32	26	126	92	136	87	0
22	26	32	33	27	136	93	146	88	0
23	27	33	34	28	146	94	156	89	0
24	28	34	35	29	156	95	166	90	0
25	29	35	36	30	166	96	176	91	0
26	31	37	38	32	127	97	137	92	0
27	32	38	39	33	137	98	147	93	0
28	33	39	40	34	147	99	157	94	0
29	34	40	41	35	157	100	167	95	0
30	35	41	42	36	167	101	177	96	0
31	37	43	44	38	128	102	138	97	0
32	38	44	45	39	138	103	148	98	0
33	39	45	46	40	148	104	158	99	0
34	40	46	47	41	158	105	168	100	0
35	41	47	48	42	168	106	178	101	0
36	43	49	50	44	129	107	139	102	0
37	44	50	51	45	139	108	149	103	0
38	45	51	52	46	149	109	159	104	0
39	46	52	53	47	159	110	169	105	0
40	47	53	54	48	169	111	179	106	0
41	49	55	56	50	130	112	140	107	0
42	50	56	57	51	140	113	150	108	0
43	51	57	58	52	150	114	160	109	0
44	52	58	59	53	160	115	170	110	0
45	53	59	60	54	170	116	180	111	0
46	55	61	62	56	131	117	141	112	0
47	56	62	63	57	141	118	151	113	0
48	57	63	64	58	151	119	161	114	0
49	58	64	65	59	161	120	171	115	0
50	59	65	66	60	171	121	181	116	0
51	182	188	189	183	292	247	302	242	0
52	183	189	190	184	302	248	312	243	0
53	184	190	191	185	312	249	322	244	0
54	185	191	192	186	322	250	332	245	0
55	186	192	193	187	332	251	342	246	0
56	188	194	195	189	293	252	303	247	0
57	189	195	196	190	303	253	313	248	0
58	190	196	197	191	313	254	323	249	0
59	191	197	198	192	323	255	333	250	0
60	192	198	199	193	333	256	343	251	0
61	194	200	201	195	294	257	304	252	0
62	195	201	202	196	304	258	314	253	0
63	196	202	203	197	314	259	324	254	0
64	197	203	204	198	324	260	334	255	0
65	198	204	205	199	334	261	344	256	0
66	200	206	207	201	295	262	305	257	0
67	201	207	208	202	305	263	315	258	0
68	202	208	209	203	315	264	325	259	0
69	203	209	210	204	325	265	335	260	0
70	204	210	211	205	335	266	345	261	0
71	206	212	213	207	296	267	306	262	0
72	207	213	214	208	306	268	316	263	0
73	208	214	215	209	316	269	326	264	0
74	209	215	216	210	326	270	336	265	0
75	210	216	217	211	336	271	346	266	0
76	212	218	219	213	297	272	307	267	0
77	213	219	220	214	307	273	317	268	0
78	214	220	221	215	317	274	327	269	0
79	215	221	222	216	327	275	337	270	0
80	216	222	223	217	337	276	347	271	0
81	218	224	225	219	298	277	308	272	0
82	219	225	226	220	308	278	318	273	0
83	220	226	227	221	318	279	328	274	0
84	221	227	228	222	328	280	338	275	0
85	222	228	229	223	338	281	348	276	0
86	224	230	231	225	299	282	309	277	0
87	225	231	232	226	309	283	319	278	0
88	226	232	233	227	319	284	329	279	0
89	227	233	234	228	329	285	339	280	0
90	228	234	235	229	339	286	349	281	0
91	230	236	237	231	300	287	310	282	0
92	231	237	238	232	310	288	320	283	0
93	232	238	239	233	320	289	330	284	0
94	233	239	240	234	330	290	340	285	0
95	234	240	241	235	340	291	350	286	0
96	236	1	2	237	301	67	311	287	0
97	237	2	3	238	311	68	321	288	0
98	238	3	4	239	321	69	331	289	0
99	239	4	5	240	331	70	341	290	0
100	240	5	6	241	341	71	351	291	0
101	352	358	359	353	473	423	483	418	0
102	353	359	360	354	483	424	493	419	0
103	354	360	361	355	493	425	503	420	0
104	355	361	362	356	503	426	513	421	0
105	356	362	363	357	513	427	523	422	0
106	358	364	365	359	474	428	484	423	0
107	359	365	366	360	484	429	494	424	0
108	360	366	367	361	494	430	504	425	0
109	361	367	368	362	504	431	514	426	0
110	362	368	369	363	514	432	524	427	0
111	364	370	371	365	475	433	485	428	0
112	365	371	372	366	485	434	495	429	0
113	366	372	373	367	495	435	505	430	0
114	367	373	374	368	505	436	515	431	0
115	368	374	375	369	515	437	525	432	0
116	370	376	377	371	476	438	486	433	0
117	371	377	378	372	486	439	496	434	0
118	372	378	379	373	496	440	506	435	0
119	373	379	380	374	506	441	516	436	0
120	374	380	381	375	516	442	526	437	0
121	376	382	383	377	477	443	487	438	0
122	377	383	384	378	487	444	497	439	0
123	378	384	385	379	497	445	507	440	0
124	379	385	386	380	507	446	517	441	0
125	380	386	387	381	517	447	527	442	0
126	382	388	389	383	478	448	488	443	0
127	383	389	390	384	488	449	498	444	0
128	384	390	391	385	498	450	508	445	0
129	385	391	392	386	508	451	518	446	0
130	386	392	393	387	518	452	528	447	0
131	388	394	395	389	479	453	489	448	0
132	389	395	396	390	489	454	499	449	0
133	390	396	397	391	499	455	509	450	0
134	391	397	398	392	509	456	519	451	0
135	392	398	399	393	519	457	529	452	0
136	394	400	401	395	480	458	490	453	0
137	395	401	402	396	490	459	500	454	0
138	396	402	403	397	500	460	510	455	0
139	397	403	404	398	510	461	520	456	0
140	398	404	405	399	520	462	530	457	0
141	400	406	407	401	481	463	491	458	0
142	401	407	408	402	491	464	501	459	0
143	402	408	409	403	501	465	511	460	0
144	403	409	410	404	511	466	521	461	0
145	404	410	411	405	521	467	531	462	0
146	406	412	413	407	482	468	492	463	0
147	407	413	414	408	492	469	502	464	0
148	408	414	415	409	502	470	512	465	0
149	409	415	416	410	512	471	522	466	0
150	410	416	417	411	522	472	532	467	0
151	412	533	534	413	643	593	653	468	0
152	413	534	535	414	653	594	663	469	0
153	414	535	536	415	663	595	673	470	0
154	415	536	537	416	673	596	683	471	0
155	416	537	538	417	683	597	693	472	0
156	533	539	540	534	644	598	654	593	0
157	534	540	541	535	654	599	664	594	0
158	535	541	542	536	664	600	674	595	0
159	536	542	543	537	674	601	684	596	0
160	537	543	544	538	684	602	694	597	0
161	539	545	546	540	645	603	655	598	0
162	540	546	547	541	655	604	665	599	0
163	541	547	548	542	665	605	675	600	0
164	542	548	549	543	675	606	685	601	0
165	543	549	550	544	685	607	695	602	0
166	545	551	552	546	646	608	656	603	0
167	546	552	553	547	656	609	666	604	0
168	547	553	554	548	666	610	676	605	0
169	548	554	555	549	676	611	686	606	0
170	549	555	556	550	686	612	696	607	0
171	551	557	558	552	647	613	657	608	0
172	552	558	559	553	657	614	667	609	0
173	553	559	560	554	667	615	677	610	0
174	554	560	561	555	677	616	687	611	0
175	555	561	562	556	687	617	697	612	0
176	557	563	564	558	648	618	658	613	0
177	558	564	565	559	658	619	668	614	0
178	559	565	566	560	668	620	678	615	0
179	560	566	567	561	678	621	688	616	0
180	561	567	568	562	688	622	698	617	0
181	563	569	570	564	649	623	659	618	0
182	564	570	571	565	659	624	669	619	0
183	565	571	572	566	669	625	679	620	0
184	566	572	573	567	679	626	689	621	0
185	567	573	574	568	689	627	699	622	0
186	569	575	576	570	650	628	660	623	0
187	570	576	577	571	660	629	670	624	0
188	571	577	578	572	670	630	680	625	0
189	572	578	579	573	680	631	690	626	0
190	573	579	580	574	690	632	700	627	0
191	575	581	582	576	651	633	661	628	0
192	576	582	583	577	661	634	671	629	0
193	577	583	584	578	671	635	681	630	0
194	578	584	585	579	681	636	691	631	0
195	579	585	586	580	691	637	701	632	0
196	581	587	588	582	652	638	662	633	0
197	582	588	589	583	662	639	672	634	0
198	583	589	590	584	672	640	682	635	0
199	584	590	591	585	682	641	692	636	0
200	585	591	592	586	692	642	702	637	0
801	412	406	2601	2596	482	2654	2702	2649	0
802	2596	2601	2602	2597	2702	2655	2712	2650	0
803	2597	2602	2603	2598	2712	2656	2722	2651	0
804	2598	2603	2604	2599	2722	2657	2732	2652	0
805	2599	2604	2605	2600	2732	2658	2742	2653	0
806	406	400	2606	2601	481	2659	2703	2654	0
807	2601	2606	2607	2602	2703	2660	2713	2655	0
808	2602	2607	2608	2603	2713	2661	2723	2656	0
809	2603	2608	2609	2604	2723	2662	2733	2657	0
810	2604	2609	2610	2605	2733	2663	2743	2658	0
811	400	394	2611	2606	480	2664	2704	2659	0
812	2606	2611	2612	2607	2704	2665	2714	2660	0
813	2607	2612	2613	2608	2714	2666	2724	2661	0
814	2608	2613	2614	2609	2724	2667	2734	2662	0
815	2609	2614	2615	2610	2734	2668	2744	2663	0
816	394	388	2616	2611	479	2669	2705	2664	0
817	2611	2616	2617	2612	2705	2670	2715	2665	0
818	2612	2617	2618	2613	2715	2671	2725	2666	0
819	2613	2618	2619	2614	2725	2672	2735	2667	0
820	2614	2619	2620	2615	2735	2673	2745	2668	0
821	388	382	2621	2616	478	2674	2706	2669	0
822	2616	2621	2622	2617	2706	2675	2716	2670	0
823	2617	2622	2623	2618	2716	2676	2726	2671	0
824	2618	2623	2624	2619	2726	2677	2736	2672	0
825	2619	2624	2625	2620	2736	2678	2746	2673	0
826	382	376	2626	2621	477	2679	2707	2674	0
827	2621	2626	2627	2622	2707	2680	2717	2675	0
828	2622	2627	2628	2623	2717	2681	2727	2676	0
829	2623	2628	2629	2624	2727	2682	2737	2677	0
830	2624	2629	2630	2625	2737	2683	2747	2678	0
831	376	370	2631	2626	476	2684	2708	2679	0
832	2626	2631	2632	2627	2708	2685	2718	2680	0
833	2627	2632	2633	2628	2718	2686	2728	2681	0
834	2628	2633	2634	2629	2728	2687	2738	2682	0
835	2629	2634	2635	2630	2738	2688	2748	2683	0
836	370	364	2636	2631	475	2689	2709	2684	0
837	2631	2636	2637	2632	2709	2690	2719	2685	0
838	2632	2637	2638	2633	2719	2691	2729	2686	0
839	2633	2638	2639	2634	2729	2692	2739	2687	0
840	2634	2639	2640	2635	2739	2693	2749	2688	0
841	364	358	2641	2636	474	2694	2710	2689	0
842	2636	2641	2642	2637	2710	2695	2720	2690	0
843	2637	2642	2643	2638	2720	2696	2730	2691	0
844	2638	2643	2644	2639	2730	2697	2740	2692	0
845	2639	2644	2645	2640	2740	2698	2750	2693	0
846	358	352	2646	2641	473	1365	2711	2694	0
847	2641	2646	716	2642	2711	2699	2721	2695	0
848	2642	716	2647	2643	2721	2700	2731	2696	0
849	2643	2647	2648	2644	2731	1360	2741	2697	0
850	2644	2648	711	2645	2741	2701	2751	2698	0
851	1	2752	2756	7	2795	2848	2800	122	0
852	2752	2753	2757	2756	2796	2858	2801	2848	0
853	2753	2754	2758	2757	2797	2868	2802	2858	0
854	2754	2755	2759	2758	2798	2878	2803	2868	0
855	2755	2600	2605	2759	2799	2742	2804	2878	0
856	7	2756	2760	13	2800	2849	2805	123	0
857	2756	2757	2761	2760	2801	2859	2806	2849	0
858	2757	2758	2762	2761	2802	2869	2807	2859	0
859	2758	2759	2763	2762	2803	2879	2808	2869	0
860	2759	2605	2610	2763	2804	2743	2809	2879	0
861	13	2760	2764	19	2805	2850	2810	124	0
862	2760	2761	2765	2764	2806	2860	2811	2850	0
863	2761	2762	2766	2765	2807	2870	2812	2860	0
864	2762	2763	2767	2766	2808	2880	2813	2870	0
865	2763	2610	2615	2767	2809	2744	2814	2880	0
866	19	2764	2768	25	2810	2851	2815	125	0
867	2764	2765	2769	2768	2811	2861	2816	2851	0
868	2765	2766	2770	2769	2812	2871	2817	2861	0
869	2766	2767	2771	2770	2813	2881	2818	2871	0
870	2767	2615	2620	2771	2814	2745	2819	2881	0
871	25	2768	2772	31	2815	2852	2820	126	0
872	2768	2769	2773	2772	2816	2862	2821	2852	0
873	2769	2770	2774	2773	2817	2872	2822	2862	0
874	2770	2771	2775	2774	2818	2882	2823	2872	0
875	2771	2620	2625	2775	2819	2746	2824	2882	0
876	31	2772	2776	37	2820	2853	2825	127	0
877	2772	2773	2777	2776	2821	2863	2826	2853	0
878	2773	2774	2778	2777	2822	2873	2827	2863	0
879	2774	2775	2779	2778	2823	2883	2828	2873	0
880	2775	2625	2630	2779	2824	2747	2829	2883	0
881	37	2776	2780	43	2825	2854	2830	128	0
882	2776	2777	2781	2780	2826	2864	2831	2854	0
883	2777	2778	2782	2781	2827	2874	2832	2864	0
884	2778	2779	2783	2782	2828	2884	2833	2874	0
885	2779	2630	2635	2783	2829	2748	2834	2884	0
886	43	2780	2784	49	2830	2855	2835	129	0
887	2780	2781	2785	2784	2831	2865	2836	2855	0
888	2781	2782	2786	2785	2832	2875	2837	2865	0
889	2782	2783	2787	2786	2833	2885	2838	2875	0
890	2783	2635	2640	2787	2834	2749	2839	2885	0
891	49	2784	2788	55	2835	2856	2840	130	0
892	2784	2785	2789	2788	2836	2866	2841	2856	0
893	2785	2786	2790	2789	2837	2876	2842	2866	0
894	2786	2787	2791	2790	2838	2886	2843	2876	0
895	2787	2640	2645	2791	2839	2750	2844	2886	0
896	55	2788	2792	61	2840	2857	1350	131	0
897	2788	2789	706	2792	2841	2867	2845	2857	0
898	2789	2790	2793	706	2842	2877	2846	2867	0
899	2790	2791	2794	2793	2843	2887	1355	2877	0
900	2791	2645	711	2794	2844	2751	2847	2887	0
901	2888	2889	2894	2893	2938	2998	2943	2988	0
902	2889	2890	2895	2894	2939	3008	2944	2998	0
903	2890	2891	2896	2895	2940	3018	2945	3008	0
904	2891	2892	2897	2896	2941	3028	2946	3018	0
905	2892	587	581	2897	2942	652	2947	3028	0
906	2893	2894	2899	2898	2943	2999	2948	2989	0
907	2894	2895	2900	2899	2944	3009	2949	2999	0
908	2895	2896	2901	2900	2945	3019	2950	3009	0
909	2896	2897	2902	2901	2946	3029	2951	3019	0
910	2897	581	575	2902	2947	651	2952	3029	0
911	2898	2899	2904	2903	2948	3000	2953	2990	0
912	2899	2900	2905	2904	2949	3010	2954	3000	0
913	2900	2901	2906	2905	2950	3020	2955	3010	0
914	2901	2902	2907	2906	2951	3030	2956	3020	0
915	2902	575	569	2907	2952	650	2957	3030	0
916	2903	2904	2909	2908	2953	3001	2958	2991	0
917	2904	2905	2910	2909	2954	3011	2959	3001	0
918	2905	2906	2911	2910	2955	3021	2960	3011	0
919	2906	2907	2912	2911	2956	3031	2961	3021	0
920	2907	569	563	2912	2957	649	2962	3031	0
921	2908	2909	2914	2913	2958	3002	2963	2992	0
922	2909	2910	2915	2914	2959	3012	2964	3002	0
923	2910	2911	2916	2915	2960	3022	2965	3012	0
924	2911	2912	2917	2916	2961	3032	2966	3022	0
925	2912	563	557	2917	2962	648	2967	3032	0
926	2913	2914	2919	2918	2963	3003	2968	2993	0
927	2914	2915	2920	2919	2964	3013	2969	3003	0
928	2915	2916	2921	2920	2965	3023	2970	3013	0
929	2916	2917	2922	2921	2966	3033	2971	3023	0
930	2917	557	551	2922	2967	647	2972	3033	0
931	2918	2919	2924	2923	2968	3004	2973	2994	0
932	2919	2920	2925	2924	2969	3014	2974	3004	0
933	2920	2921	2926	2925	2970	3024	2975	3014	0
934	2921	2922	2927	2926	2971	3034	2976	3024	0
935	2922	551	545	2927	2972	646	2977	3034	0
936	2923	2924	2929	2928	2973	3005	2978	2995	0
937	2924	2925	2930	2929	2974	3015	2979	3005	0
938	2925	2926	2931	2930	2975	3025	2980	3015	0
939	2926	2927	2932	2931	2976	3035	2981	3025	0
940	2927	545	539	2932	2977	645	2982	3035	0
941	2928	2929	2934	2933	2978	3006	2983	2996	0
942	2929	2930	2935	2934	2979	3016	2984	3006	0
943	2930	2931	2936	2935	2980	3026	2985	3016	0
944	2931	2932	2937	2936	2981	3036	2986	3026	0
945	2932	539	533	2937	2982	644	2987	3036	0
946	2933	2934	2599	2600	2983	3007	2653	2997	0
947	2934	2935	2598	2599	2984	3017	2652	3007	0
948	2935	2936	2597	2598	2985	3027	2651	3017	0
949	2936	2937	2596	2597	2986	3037	2650	3027	0
950	2937	533	412	2596	2987	643	2649	3037	0
951	3038	3043	3044	3039	3138	3093	3148	3088	0
952	3039	3044	3045	3040	3148	3094	3158	3089	0
953	3040	3045	3046	3041	3158	3095	3168	3090	0
954	3041	3046	3047	3042	3168	3096	3178	3091	0
955	3042	3047	188	182	3178	3097	292	3092	0
956	3043	3048	3049	3044	3139	3098	3149	3093	0
957	3044	3049	3050	3045	3149	3099	3159	3094	0
958	3045	3050	3051	3046	3159	3100	3169	3095	0
959	3046	3051	3052	3047	3169	3101	3179	3096	0
960	3047	3052	194	188	3179	3102	293	3097	0
961	3048	3053	3054	3049	3140	3103	3150	3098	0
962	3049	3054	3055	3050	3150	3104	3160	3099	0
963	3050	3055	3056	3051	3160	3105	3170	3100	0
964	3051	3056	3057	3052	3170	3106	3180	3101	0
965	3052	3057	200	194	3180	3107	294	3102	0
966	3053	3058	3059	3054	3141	3108	3151	3103	0
967	3054	3059	3060	3055	3151	3109	3161	3104	0
968	3055	3060	3061	3056	3161	3110	3171	3105	0
969	3056	3061	3062	3057	3171	3111	3181	3106	0
970	3057	3062	206	200	3181	3112	295	3107	0
971	3058	3063	3064	3059	3142	3113	3152	3108	0
972	3059	3064	3065	3060	3152	3114	3162	3109	0
973	3060	3065	3066	3061	3162	3115	3172	3110	0
974	3061	3066	3067	3062	3172	3116	3182	3111	0
975	3062	3067	212	206	3182	3117	296	3112	0
976	3063	3068	3069	3064	3143	3118	3153	3113	0
977	3064	3069	3070	3065	3153	3119	3163	3114	0
978	3065	3070	3071	3066	3163	3120	3173	3115	0
979	3066	3071	3072	3067	3173	3121	3183	3116	0
980	3067	3072	218	212	3183	3122	297	3117	0
981	3068	3073	3074	3069	3144	3123	3154	3118	0
982	3069	3074	3075	3070	3154	3124	3164	3119	0
983	3070	3075	3076	3071	3164	3125	3174	3120	0
984	3071	3076	3077	3072	3174	3126	3184	3121	0
985	3072	3077	224	218	3184	3127	298	3122	0
986	3073	3078	3079	3074	3145	3128	3155	3123	0
987	3074	3079	3080	3075	3155	3129	3165	3124	0
988	3075	3080	3081	3076	3165	3130	3175	3125	0
989	3076	3081	3082	3077	3175	3131	3185	3126	0
990	3077	3082	230	224	3185	3132	299	3127	0
991	3078	3083	3084	3079	3146	3133	3156	3128	0
992	3079	3084	3085	3080	3156	3134	3166	3129	0
993	3080	3085	3086	3081	3166	3135	3176	3130	0
994	3081	3086	3087	3082	3176	3136	3186	3131	0
995	3082	3087	236	230	3186	3137	300	3132	0
996	3083	2600	2755	3084	3147	2799	3157	3133	0
997	3084	2755	2754	3085	3157	2798	3167	3134	0
998	3085	2754	2753	3086	3167	2797	3177	3135	0
999	3086	2753	2752	3087	3177	2796	3187	3136	0
1000	3087	2752	1	236	3187	2795	301	3137	0
1001	587	3188	3189	588	3298	3248	3308	638	0
1002	588	3189	3190	589	3308	3249	3318	639	0
1003	589	3190	3191	590	3318	3250	3328	640	0
1004	590	3191	3192	591	3328	3251	3338	641	0
1005	591	3192	3193	592	3338	3252	3348	642	0
1006	3188	3194	3195	3189	3299	3253	3309	3248	0
1007	3189	3195	3196	3190	3309	3254	3319	3249	0
1008	3190	3196	3197	3191	3319	3255	3329	3250	0
1009	3191	3197	3198	3192	3329	3256	3339	3251	0
1010	3192	3198	3199	3193	3339	3257	3349	3252	0
1011	3194	3200	3201	3195	3300	3258	3310	3253	0
1012	3195	3201	3202	3196	3310	3259	3320	3254	0
1013	3196	3202	3203	3197	3320	3260	3330	3255	0
1014	3197	3203	3204	3198	3330	3261	3340	3256	0
1015	3198	3204	3205	3199	3340	3262	3350	3257	0
1016	3200	3206	3207	3201	3301	3263	3311	3258	0
1017	3201	3207	3208	3202	3311	3264	3321	3259	0
1018	3202	3208	3209	3203	3321	3265	3331	3260	0
1019	3203	3209	3210	3204	3331	3266	3341	3261	0
1020	3204	3210	3211	3205	3341	3267	3351	3262	0
1021	3206	3212	3213	3207	3302	3268	3312	3263	0
1022	3207	3213	3214	3208	3312	3269	3322	3264	0
1023	3208	3214	3215	3209	3322	3270	3332	3265	0
1024	3209	3215	3216	3210	3332	3271	3342	3266	0
1025	3210	3216	3217	3211	3342	3272	3352	3267	0
1026	3212	3218	3219	3213	3303	3273	3313	3268	0
1027	3213	3219	3220	3214	3313	3274	3323	3269	0
1028	3214	3220	3221	3215	3323	3275	3333	3270	0
1029	3215	3221	3222	3216	3333	3276	3343	3271	0
1030	3216	3222	3223	3217	3343	3277	3353	3272	0
1031	3218	3224	3225	3219	3304	3278	3314	3273	0
1032	3219	3225	3226	3220	3314	3279	3324	3274	0
1033	3220	3226	3227	3221	3324	3280	3334	3275	0
1034	3221	3227	3228	3222	3334	3281	3344	3276	0
1035	3222	3228	3229	3223	3344	3282	3354	3277	0
1036	3224	3230	3231	3225	3305	3283	3315	3278	0
1037	3225	3231	3232	3226	3315	3284	3325	3279	0
1038	3226	3232	3233	3227	3325	3285	3335	3280	0
1039	3227	3233	3234	3228	3335	3286	3345	3281	0
1040	3228	3234	3235	3229	3345	3287	3355	3282	0
1041	3230	3236	3237	3231	3306	3288	3316	3283	0
1042	3231	3237	3238	3232	3316	3289	3326	3284	0
1043	3232	3238	3239	3233	3326	3290	3336	3285	0
1044	3233	3239	3240	3234	3336	3291	3346	3286	0
1045	3234	3240	3241	3235	3346	3292	3356	3287	0
1046	3236	3242	3243	3237	3307	3293	3317	3288	0
1047	3237	3243	3244	3238	3317	3294	3327	3289	0
1048	3238	3244	3245	3239	3327	3295	3337	3290	0
1049	3239	3245	3246	3240	3337	3296	3347	3291	0
1050	3240	3246	3247	3241	3347	3297	3357	3292	0
1051	3358	3364	3365	3359	3468	3423	3478	3418	0
1052	3359	3365	3366	3360	3478	3424	3488	3419	0
1053	3360	3366	3367	3361	3488	3425	3498	3420	0
1054	3361	3367	3368	3362	3498	3426	3508	3421	0
1055	3362	3368	3369	3363	3508	3427	3518	3422	0
1056	3364	3370	3371	3365	3469	3428	3479	3423	0
1057	3365	3371	3372	3366	3479	3429	3489	3424	0
1058	3366	3372	3373	3367	3489	3430	3499	3425	0
1059	3367	3373	3374	3368	3499	3431	3509	3426	0
1060	3368	3374	3375	3369	3509	3432	3519	3427	0
1061	3370	3376	3377	3371	3470	3433	3480	3428	0
1062	3371	3377	3378	3372	3480	3434	3490	3429	0
1063	3372	3378	3379	3373	3490	3435	3500	3430	0
1064	3373	3379	3380	3374	3500	3436	3510	3431	0
1065	3374	3380	3381	3375	3510	3437	3520	3432	0
1066	3376	3382	3383	3377	3471	3438	3481	3433	0
1067	3377	3383	3384	3378	3481	3439	3491	3434	0
1068	3378	3384	3385	3379	3491	3440	3501	3435	0
1069	3379	3385	3386	3380	3501	3441	3511	3436	0
1070	3380	3386	3387	3381	3511	3442	3521	3437	0
1071	3382	3388	3389	3383	3472	3443	3482	3438	0
1072	3383	3389	3390	3384	3482	3444	3492	3439	0
1073	3384	3390	3391	3385	3492	3445	3502	3440	0
1074	3385	3391	3392	3386	3502	3446	3512	3441	0
1075	3386	3392	3393	3387	3512	3447	3522	3442	0
1076	3388	3394	3395	3389	3473	3448	3483	3443	0
1077	3389	3395	3396	3390	3483	3449	3493	3444	0
1078	3390	3396	3397	3391	3493	3450	3503	3445	0
1079	3391	3397	3398	3392	3503	3451	3513	3446	0
1080	3392	3398	3399	3393	3513	3452	3523	3447	0
1081	3394	3400	3401	3395	3474	3453	3484	3448	0
1082	3395	3401	3402	3396	3484	3454	3494	3449	0
1083	3396	3402	3403	3397	3494	3455	3504	3450	0
1084	3397	3403	3404	3398	3504	3456	3514	3451	0
1085	3398	3404	3405	3399	3514	3457	3524	3452	0
1086	3400	3406	3407	3401	3475	3458	3485	3453	0
1087	3401	3407	3408	3402	3485	3459	3495	3454	0
1088	3402	3408	3409	3403	3495	3460	3505	3455	0
1089	3403	3409	3410	3404	3505	3461	3515	3456	0
1090	3404	3410	3411	3405	3515	3462	3525	3457	0
1091	3406	3412	3413	3407	3476	3463	3486	3458	0
1092	3407	3413	3414	3408	3486	3464	3496	3459	0
1093	3408	3414	3415	3409	3496	3465	3506	3460	0
1094	3409	3415	3416	3410	3506	3466	3516	3461	0
1095	3410	3416	3417	3411	3516	3467	3526	3462	0
1096	3412	182	183	3413	3477	242	3487	3463	0
1097	3413	183	184	3414	3487	243	3497	3464	0
1098	3414	184	185	3415	3497	244	3507	3465	0
1099	3415	185	186	3416	3507	245	3517	3466	0
1100	3416	186	187	3417	3517	246	3527	3467	0
1101	3358	3528	3529	3364	3628	3578	3633	3468	0
1102	3364	3529	3530	3370	3633	3579	3638	3469	0
1103	3370	3530	3531	3376	3638	3580	3643	3470	0
1104	3376	3531	3532	3382	3643	3581	3648	3471	0
1105	3382	3532	3533	3388	3648	3582	3653	3472	0
1106	3388	3533	3534	3394	3653	3583	3658	3473	0
1107	3394	3534	3535	3400	3658	3584	3663	3474	0
1108	3400	3535	3536	3406	3663	3585	3668	3475	0
1109	3406	3536	3537	3412	3668	3586	3673	3476	0
1110	3412	3537	3042	182	3673	3587	3092	3477	0
1111	3528	3538	3539	3529	3629	3588	3634	3578	0
1112	3529	3539	3540	3530	3634	3589	3639	3579	0
1113	3530	3540	3541	3531	3639	3590	3644	3580	0
1114	3531	3541	3542	3532	3644	3591	3649	3581	0
1115	3532	3542	3543	3533	3649	3592	3654	3582	0
1116	3533	3543	3544	3534	3654	3593	3659	3583	0
1117	3534	3544	3545	3535	3659	3594	3664	3584	0
1118	3535	3545	3546	3536	3664	3595	3669	3585	0
1119	3536	3546	3547	3537	3669	3596	3674	3586	0
1120	3537	3547	3041	3042	3674	3597	3091	3587	0
1121	3538	3548	3549	3539	3630	3598	3635	3588	0
1122	3539	3549	3550	3540	3635	3599	3640	3589	0
1123	3540	3550	3551	3541	3640	3600	3645	3590	0
1124	3541	3551	3552	3542	3645	3601	3650	3591	0
1125	3542	3552	3553	3543	3650	3602	3655	3592	0
1126	3543	3553	3554	3544	3655	3603	3660	3593	0
1127	3544	3554	3555	3545	3660	3604	3665	3594	0
1128	3545	3555	3556	3546	3665	3605	3670	3595	0
1129	3546	3556	3557	3547	3670	3606	3675	3596	0
1130	3547	3557	3040	3041	3675	3607	3090	3597	0
1131	3548	3558	3559	3549	3631	3608	3636	3598	0
1132	3549	3559	3560	3550	3636	3609	3641	3599	0
1133	3550	3560	3561	3551	3641	3610	3646	3600	0
1134	3551	3561	3562	3552	3646	3611	3651	3601	0
1135	3552	3562	3563	3553	3651	3612	3656	3602	0
1136	3553	3563	3564	3554	3656	3613	3661	3603	0
1137	3554	3564	3565	3555	3661	3614	3666	3604	0
1138	3555	3565	3566	3556	3666	3615	3671	3605	0
1139	3556	3566	3567	3557	3671	3616	3676	3606	0
1140	3557	3567	3039	3040	3676	3617	3089	3607	0
1141	3558	3568	3569	3559	3632	3618	3637	3608	0
1142	3559	3569	3570	3560	3637	3619	3642	3609	0
1143	3560	3570	3571	3561	3642	3620	3647	3610	0
1144	3561	3571	3572	3562	3647	3621	3652	3611	0
1145	3562	3572	3573	3563	3652	3622	3657	3612	0
1146	3563	3573	3574	3564	3657	3623	3662	3613	0
1147	3564	3574	3575	3565	3662	3624	3667	3614	0
1148	3565	3575	3576	3566	3667	3625	3672	3615	0
1149	3566	3576	3577	3567	3672	3626	3677	3616	0
1150	3567	3577	3038	3039	3677	3627	3088	3617	0
1151	3242	3236	3679	3678	3307	3783	3728	3778	0
1152	3236	3230	3680	3679	3306	3788	3729	3783	0
1153	3230	3224	3681	3680	3305	3793	3730	3788	0
1154	3224	3218	3682	3681	3304	3798	3731	3793	0
1155	3218	3212	3683	3682	3303	3803	3732	3798	0
1156	3212	3206	3684	3683	3302	3808	3733	3803	0
1157	3206	3200	3685	3684	3301	3813	3734	3808	0
1158	3200	3194	3686	3685	3300	3818	3735	3813	0
1159	3194	3188	3687	3686	3299	3823	3736	3818	0
1160	3188	587	2892	3687	3298	2942	3737	3823	0
1161	3678	3679	3689	3688	3728	3784	3738	3779	0
1162	3679	3680	3690	3689	3729	3789	3739	3784	0
1163	3680	3681	3691	3690	3730	3794	3740	3789	0
1164	3681	3682	3692	3691	3731	3799	3741	3794	0
1165	3682	3683	3693	3692	3732	3804	3742	3799	0
1166	3683	3684	3694	3693	3733	3809	3743	3804	0
1167	3684	3685	3695	3694	3734	3814	3744	3809	0
1168	3685	3686	3696	3695	3735	3819	3745	3814	0
1169	3686	3687	3697	3696	3736	3824	3746	3819	0
1170	3687	2892	2891	3697	3737	2941	3747	3824	0
1171	3688	3689	3699	3698	3738	3785	3748	3780	0
1172	3689	3690	3700	3699	3739	3790	3749	3785	0
1173	3690	3691	3701	3700	3740	3795	3750	3790	0
1174	3691	3692	3702	3701	3741	3800	3751	3795	0
1175	3692	3693	3703	3702	3742	3805	3752	3800	0
1176	3693	3694	3704	3703	3743	3810	3753	3805	0
1177	3694	3695	3705	3704	3744	3815	3754	3810	0
1178	3695	3696	3706	3705	3745	3820	3755	3815	0
1179	3696	3697	3707	3706	3746	3825	3756	3820	0
1180	3697	2891	2890	3707	3747	2940	3757	3825	0
1181	3698	3699	3709	3708	3748	3786	3758	3781	0
1182	3699	3700	3710	3709	3749	3791	3759	3786	0
1183	3700	3701	3711	3710	3750	3796	3760	3791	0
1184	3701	3702	3712	3711	3751	3801	3761	3796	0
1185	3702	3703	3713	3712	3752	3806	3762	3801	0
1186	3703	3704	3714	3713	3753	3811	3763	3806	0
1187	3704	3705	3715	3714	3754	3816	3764	3811	0
1188	3705	3706	3716	3715	3755	3821	3765	3816	0
1189	3706	3707	3717	3716	3756	3826	3766	3821	0
1190	3707	2890	2889	3717	3757	2939	3767	3826	0
1191	3708	3709	3719	3718	3758	3787	3768	3782	0
1192	3709	3710	3720	3719	3759	3792	3769	3787	0
1193	3710	3711	3721	3720	3760	3797	3770	3792	0
1194	3711	3712	3722	3721	3761	3802	3771	3797	0
1195	3712	3713	3723	3722	3762	3807	3772	3802	0
1196	3713	3714	3724	3723	3763	3812	3773	3807	0
1197	3714	3715	3725	3724	3764	3817	3774	3812	0
1198	3715	3716	3726	3725	3765	3822	3775	3817	0
1199	3716	3717	3727	3726	3766	3827	3776	3822	0
1200	3717	2889	2888	3727	3767	2938	3777	3827	0
1201	3568	3828	3833	3569	3883	3938	3888	3618	0
1202	3828	3829	3834	3833	3884	3948	3889	3938	0
1203	3829	3830	3835	3834	3885	3958	3890	3948	0
1204	3830	3831	3836	3835	3886	3968	3891	3958	0
1205	3831	3832	3837	3836	3887	3978	3892	3968	0
1206	3569	3833	3838	3570	3888	3939	3893	3619	0
1207	3833	3834	3839	3838	3889	3949	3894	3939	0
1208	3834	3835	3840	3839	3890	3959	3895	3949	0
1209	3835	3836	3841	3840	3891	3969	3896	3959	0
1210	3836	3837	3842	3841	3892	3979	3897	3969	0
1211	3570	3838	3843	3571	3893	3940	3898	3620	0
1212	3838	3839	3844	3843	3894	3950	3899	3940	0
1213	3839	3840	3845	3844	3895	3960	3900	3950	0
1214	3840	3841	3846	3845	3896	3970	3901	3960	0
1215	3841	3842	3847	3846	3897	3980	3902	3970	0
1216	3571	3843	3848	3572	3898	3941	3903	3621	0
1217	3843	3844	3849	3848	3899	3951	3904	3941	0
1218	3844	3845	3850	3849	3900	3961	3905	3951	0
1219	3845	3846	3851	3850	3901	3971	3906	3961	0
1220	3846	3847	3852	3851	3902	3981	3907	3971	0
1221	3572	3848	3853	3573	3903	3942	3908	3622	0
1222	3848	3849	3854	3853	3904	3952	3909	3942	0
1223	3849	3850	3855	3854	3905	3962	3910	3952	0
1224	3850	3851	3856	3855	3906	3972	3911	3962	0
1225	3851	3852	3857	3856	3907	3982	3912	3972	0
1226	3573	3853	3858	3574	3908	3943	3913	3623	0
1227	3853	3854	3859	3858	3909	3953	3914	3943	0
1228	3854	3855	3860	3859	3910	3963	3915	3953	0
1229	3855	3856	3861	3860	3911	3973	3916	3963	0
1230	3856	3857	3862	3861	3912	3983	3917	3973	0
1231	3574	3858	3863	3575	3913	3944	3918	3624	0
1232	3858	3859	3864	3863	3914	3954	3919	3944	0
1233	3859	3860	3865	3864	3915	3964	3920	3954	0
1234	3860	3861	3866	3865	3916	3974	3921	3964	0
1235	3861	3862	3867	3866	3917	3984	3922	3974	0
1236	3575	3863	3868	3576	3918	3945	3923	3625	0
1237	3863	3864	3869	3868	3919	3955	3924	3945	0
1238	3864	3865	3870	3869	3920	3965	3925	3955	0
1239	3865	3866	3871	3870	3921	3975	3926	3965	0
1240	3866	3867	3872	3871	3922	3985	3927	3975	0
1241	3576	3868	3873	3577	3923	3946	3928	3626	0
1242	3868	3869	3874	3873	3924	3956	3929	3946	0
1243	3869	3870	3875	3874	3925	3966	3930	3956	0
1244	3870	3871	3876	3875	3926	3976	3931	3966	0
1245	3871	3872	3877	3876	3927	3986	3932	3976	0
1246	3577	3873	3878	3038	3928	3947	3933	3627	0
1247	3873	3874	3879	3878	3929	3957	3934	3947	0
1248	3874	3875	3880	3879	3930	3967	3935	3957	0
1249	3875	3876	3881	3880	3931	3977	3936	3967	0
1250	3876	3877	3882	3881	3932	3987	3937	3977	0
1251	3038	3878	3988	3043	3933	4088	4038	3138	0
1252	3878	3879	3989	3988	3934	4098	4039	4088	0
1253	3879	3880	3990	3989	3935	4108	4040	4098	0
1254	3880	3881	3991	3990	3936	4118	4041	4108	0
1255	3881	3882	3992	3991	3937	4128	4042	4118	0
1256	3043	3988	3993	3048	4038	4089	4043	3139	0
1257	3988	3989	3994	3993	4039	4099	4044	4089	0
1258	3989	3990	3995	3994	4040	4109	4045	4099	0
1259	3990	3991	3996	3995	4041	4119	4046	4109	0
1260	3991	3992	3997	3996	4042	4129	4047	4119	0
1261	3048	3993	3998	3053	4043	4090	4048	3140	0
1262	3993	3994	3999	3998	4044	4100	4049	4090	0
1263	3994	3995	4000	3999	4045	4110	4050	4100	0
1264	3995	3996	4001	4000	4046	4120	4051	4110	0
1265	3996	3997	4002	4001	4047	4130	4052	4120	0
1266	3053	3998	4003	3058	4048	4091	4053	3141	0
1267	3998	3999	4004	4003	4049	4101	4054	4091	0
1268	3999	4000	4005	4004	4050	4111	4055	4101	0
1269	4000	4001	4006	4005	4051	4121	4056	4111	0
1270	4001	4002	4007	4006	4052	4131	4057	4121	0
1271	3058	4003	4008	3063	4053	4092	4058	3142	0
1272	4003	4004	4009	4008	4054	4102	4059	4092	0
1273	4004	4005	4010	4009	4055	4112	4060	4102	0
1274	4005	4006	4011	4010	4056	4122	4061	4112	0
1275	4006	4007	4012	4011	4057	4132	4062	4122	0
1276	3063	4008	4013	3068	4058	4093	4063	3143	0
1277	4008	4009	4014	4013	4059	4103	4064	4093	0
1278	4009	4010	4015	4014	4060	4113	4065	4103	0
1279	4010	4011	4016	4015	4061	4123	4066	4113	0
1280	4011	4012	4017	4016	4062	4133	4067	4123	0
1281	3068	4013	4018	3073	4063	4094	4068	3144	0
1282	4013	4014	4019	4018	4064	4104	4069	4094	0
1283	4014	4015	4020	4019	4065	4114	4070	4104	0
1284	4015	4016	4021	4020	4066	4124	4071	4114	0
1285	4016	4017	4022	4021	4067	4134	4072	4124	0
1286	3073	4018	4023	3078	4068	4095	4073	3145	0
1287	4018	4019	4024	4023	4069	4105	4074	4095	0
1288	4019	4020	4025	4024	4070	4115	4075	4105	0
1289	4020	4021	4026	4025	4071	4125	4076	4115	0
1290	4021	4022	4027	4026	4072	4135	4077	4125	0
1291	3078	4023	4028	3083	4073	4096	4078	3146	0
1292	4023	4024	4029	4028	4074	4106	4079	4096	0
1293	4024	4025	4030	4029	4075	4116	4080	4106	0
1294	4025	4026	4031	4030	4076	4126	4081	4116	0
1295	4026	4027	4032	4031	4077	4136	4082	4126	0
1296	3083	4028	4033	2600	4078	4097	4083	3147	0
1297	4028	4029	4034	4033	4079	4107	4084	4097	0
1298	4029	4030	4035	4034	4080	4117	4085	4107	0
1299	4030	4031	4036	4035	4081	4127	4086	4117	0
1300	4031	4032	4037	4036	4082	4137	4087	4127	0
1301	4138	4139	4145	4144	4198	4258	4203	4248	0
1302	4139	4140	4146	4145	4199	4268	4204	4258	0
1303	4140	4141	4147	4146	4200	4278	4205	4268	0
1304	4141	4142	4148	4147	4201	4288	4206	4278	0
1305	4142	4143	4149	4148	4202	4298	4207	4288	0
1306	4144	4145	4151	4150	4203	4259	4208	4249	0
1307	4145	4146	4152	4151	4204	4269	4209	4259	0
1308	4146	4147	4153	4152	4205	4279	4210	4269	0
1309	4147	4148	4154	4153	4206	4289	4211	4279	0
1310	4148	4149	4155	4154	4207	4299	4212	4289	0
1311	4150	4151	4157	4156	4208	4260	4213	4250	0
1312	4151	4152	4158	4157	4209	4270	4214	4260	0
1313	4152	4153	4159	4158	4210	4280	4215	4270	0
1314	4153	4154	4160	4159	4211	4290	4216	4280	0
1315	4154	4155	4161	4160	4212	4300	4217	4290	0
1316	4156	4157	4163	4162	4213	4261	4218	4251	0
1317	4157	4158	4164	4163	4214	4271	4219	4261	0
1318	4158	4159	4165	4164	4215	4281	4220	4271	0
1319	4159	4160	4166	4165	4216	4291	4221	4281	0
1320	4160	4161	4167	4166	4217	4301	4222	4291	0
1321	4162	4163	4169	4168	4218	4262	4223	4252	0
1322	4163	4164	4170	4169	4219	4272	4224	4262	0
1323	4164	4165	4171	4170	4220	4282	4225	4272	0
1324	4165	4166	4172	4171	4221	4292	4226	4282	0
1325	4166	4167	4173	4172	4222	4302	4227	4292	0
1326	4168	4169	4175	4174	4223	4263	4228	4253	0
1327	4169	4170	4176	4175	4224	4273	4229	4263	0
1328	4170	4171	4177	4176	4225	4283	4230	4273	0
1329	4171	4172	4178	4177	4226	4293	4231	4283	0
1330	4172	4173	4179	4178	4227	4303	4232	4293	0
1331	4174	4175	4181	4180	4228	4264	4233	4254	0
1332	4175	4176	4182	4181	4229	4274	4234	4264	0
1333	4176	4177	4183	4182	4230	4284	4235	4274	0
1334	4177	4178	4184	4183	4231	4294	4236	4284	0
1335	4178	4179	4185	4184	4232	4304	4237	4294	0
1336	4180	4181	4187	4186	4233	4265	4238	4255	0
1337	4181	4182	4188	4187	4234	4275	4239	4265	0
1338	4182	4183	4189	4188	4235	4285	4240	4275	0
1339	4183	4184	4190	4189	4236	4295	4241	4285	0
1340	4184	4185	4191	4190	4237	4305	4242	4295	0
1341	4186	4187	4193	4192	4238	4266	4243	4256	0
1342	4187	4188	4194	4193	4239	4276	4244	4266	0
1343	4188	4189	4195	4194	4240	4286	4245	4276	0
1344	4189	4190	4196	4195	4241	4296	4246	4286	0
1345	4190	4191	4197	4196	4242	4306	4247	4296	0
1346	4192	4193	3828	3568	4243	4267	3883	4257	0
1347	4193	4194	3829	3828	4244	4277	3884	4267	0
1348	4194	4195	3830	3829	4245	4287	3885	4277	0
1349	4195	4196	3831	3830	4246	4297	3886	4287	0
1350	4196	4197	3832	3831	4247	4307	3887	4297	0
1351	4138	4308	4309	4139	4407	4362	4417	4198	0
1352	4139	4309	4310	4140	4417	4363	4427	4199	0
1353	4140	4310	4311	4141	4427	4364	4437	4200	0
1354	4141	4311	4312	4142	4437	4365	4447	4201	0
1355	4142	4312	4313	4143	4447	4366	4457	4202	0
1356	4308	4314	4315	4309	4408	4367	4418	4362	0
1357	4309	4315	4316	4310	4418	4368	4428	4363	0
1358	4310	4316	4317	4311	4428	4369	4438	4364	0
1359	4311	4317	4318	4312	4438	4370	4448	4365	0
1360	4312	4318	4319	4313	4448	4371	4458	4366	0
1361	4314	4320	4321	4315	4409	4372	4419	4367	0
1362	4315	4321	4322	4316	4419	4373	4429	4368	0
1363	4316	4322	4323	4317	4429	4374	4439	4369	0
1364	4317	4323	4324	4318	4439	4375	4449	4370	0
1365	4318	4324	4325	4319	4449	4376	4459	4371	0
1366	4320	4326	4327	4321	4410	4377	4420	4372	0
1367	4321	4327	4328	4322	4420	4378	4430	4373	0
1368	4322	4328	4329	4323	4430	4379	4440	4374	0
1369	4323	4329	4330	4324	4440	4380	4450	4375	0
1370	4324	4330	4331	4325	4450	4381	4460	4376	0
1371	4326	4332	4333	4327	4411	4382	4421	4377	0
1372	4327	4333	4334	4328	4421	4383	4431	4378	0
1373	4328	4334	4335	4329	4431	4384	4441	4379	0
1374	4329	4335	4336	4330	4441	4385	4451	4380	0
1375	4330	4336	4337	4331	4451	4386	4461	4381	0
1376	4332	4338	4339	4333	4412	4387	4422	4382	0
1377	4333	4339	4340	4334	4422	4388	4432	4383	0
1378	4334	4340	4341	4335	4432	4389	4442	4384	0
1379	4335	4341	4342	4336	4442	4390	4452	4385	0
1380	4336	4342	4343	4337	4452	4391	4462	4386	0
1381	4338	4344	4345	4339	4413	4392	4423	4387	0
1382	4339	4345	4346	4340	4423	4393	4433	4388	0
1383	4340	4346	4347	4341	4433	4394	4443	4389	0
1384	4341	4347	4348	4342	4443	4395	4453	4390	0
1385	4342	4348	4349	4343	4453	4396	4463	4391	0
1386	4344	4350	4351	4345	4414	4397	4424	4392	0
1387	4345	4351	4352	4346	4424	4398	4434	4393	0
1388	4346	4352	4353	4347	4434	4399	4444	4394	0
1389	4347	4353	4354	4348	4444	4400	4454	4395	0
1390	4348	4354	4355	4349	4454	4401	4464	4396	0
1391	4350	4356	4357	4351	4415	4402	4425	4397	0
1392	4351	4357	4358	4352	4425	4403	4435	4398	0
1393	4352	4358	4359	4353	4435	4404	4445	4399	0
1394	4353	4359	4360	4354	4445	4405	4455	4400	0
1395	4354	4360	4361	4355	4455	4406	4465	4401	0
1396	4356	2600	4033	4357	4416	4083	4426	4402	0
1397	4357	4033	4034	4358	4426	4084	4436	4403	0
1398	4358	4034	4035	4359	4436	4085	4446	4404	0
1399	4359	4035	4036	4360	4446	4086	4456	4405	0
1400	4360	4036	4037	4361	4456	4087	4466	4406	0
1401	4138	4467	4472	4308	4522	4577	4527	4407	0
1402	4467	4468	4473	4472	4523	4587	4528	4577	0
1403	4468	4469	4474	4473	4524	4597	4529	4587	0
1404	4469	4470	4475	4474	4525	4607	4530	4597	0
1405	4470	4471	4476	4475	4526	4617	4531	4607	0
1406	4308	4472	4477	4314	4527	4578	4532	4408	0
1407	4472	4473	4478	4477	4528	4588	4533	4578	0
1408	4473	4474	4479	4478	4529	4598	4534	4588	0
1409	4474	4475	4480	4479	4530	4608	4535	4598	0
1410	4475	4476	4481	4480	4531	4618	4536	4608	0
1411	4314	4477	4482	4320	4532	4579	4537	4409	0
1412	4477	4478	4483	4482	4533	4589	4538	4579	0
1413	4478	4479	4484	4483	4534	4599	4539	4589	0
1414	4479	4480	4485	4484	4535	4609	4540	4599	0
1415	4480	4481	4486	4485	4536	4619	4541	4609	0
1416	4320	4482	4487	4326	4537	4580	4542	4410	0
1417	4482	4483	4488	4487	4538	4590	4543	4580	0
1418	4483	4484	4489	4488	4539	4600	4544	4590	0
1419	4484	4485	4490	4489	4540	4610	4545	4600	0
1420	4485	4486	4491	4490	4541	4620	4546	4610	0
1421	4326	4487	4492	4332	4542	4581	4547	4411	0
1422	4487	4488	4493	4492	4543	4591	4548	4581	0
1423	4488	4489	4494	4493	4544	4601	4549	4591	0
1424	4489	4490	4495	4494	4545	4611	4550	4601	0
1425	4490	4491	4496	4495	4546	4621	4551	4611	0
1426	4332	4492	4497	4338	4547	4582	4552	4412	0
1427	4492	4493	4498	4497	4548	4592	4553	4582	0
1428	4493	4494	4499	4498	4549	4602	4554	4592	0
1429	4494	4495	4500	4499	4550	4612	4555	4602	0
1430	4495	4496	4501	4500	4551	4622	4556	4612	0
1431	4338	4497	4502	4344	4552	4583	4557	4413	0
1432	4497	4498	4503	4502	4553	4593	4558	4583	0
1433	4498	4499	4504	4503	4554	4603	4559	4593	0
1434	4499	4500	4505	4504	4555	4613	4560	4603	0
1435	4500	4501	4506	4505	4556	4623	4561	4613	0
1436	4344	4502	4507	4350	4557	4584	4562	4414	0
1437	4502	4503	4508	4507	4558	4594	4563	4584	0
1438	4503	4504	4509	4508	4559	4604	4564	4594	0
1439	4504	4505	4510	4509	4560	4614	4565	4604	0
1440	4505	4506	4511	4510	4561	4624	4566	4614	0
1441	4350	4507	4512	4356	4562	4585	4567	4415	0
1442	4507	4508	4513	4512	4563	4595	4568	4585	0
1443	4508	4509	4514	4513	4564	4605	4569	4595	0
1444	4509	4510	4515	4514	4565	4615	4570	4605	0
1445	4510	4511	4516	4515	4566	4625	4571	4615	0
1446	4356	4512	4517	2600	4567	4586	4572	4416	0
1447	4512	4513	4518	4517	4568	4596	4573	4586	0
1448	4513	4514	4519	4518	4569	4606	4574	4596	0
1449	4514	4515	4520	4519	4570	4616	4575	4606	0
1450	4515	4516	4521	4520	4571	4626	4576	4616	0
1451	2600	4517	4627	2933	4572	4727	4677	2997	0
1452	4517	4518	4628	4627	4573	4737	4678	4727	0
1453	4518	4519	4629	4628	4574	4747	4679	4737	0
1454	4519	4520	4630	4629	4575	4757	4680	4747	0
1455	4520	4521	4631	4630	4576	4767	4681	4757	0
1456	2933	4627	4632	2928	4677	4728	4682	2996	0
1457	4627	4628	4633	4632	4678	4738	4683	4728	0
1458	4628	4629	4634	4633	4679	4748	4684	4738	0
1459	4629	4630	4635	4634	4680	4758	4685	4748	0
1460	4630	4631	4636	4635	4681	4768	4686	4758	0
1461	2928	4632	4637	2923	4682	4729	4687	2995	0
1462	4632	4633	4638	4637	4683	4739	4688	4729	0
1463	4633	4634	4639	4638	4684	4749	4689	4739	0
1464	4634	4635	4640	4639	4685	4759	4690	4749	0
1465	4635	4636	4641	4640	4686	4769	4691	4759	0
1466	2923	4637	4642	2918	4687	4730	4692	2994	0
1467	4637	4638	4643	4642	4688	4740	4693	4730	0
1468	4638	4639	4644	4643	4689	4750	4694	4740	0
1469	4639	4640	4645	4644	4690	4760	4695	4750	0
1470	4640	4641	4646	4645	4691	4770	4696	4760	0
1471	2918	4642	4647	2913	4692	4731	4697	2993	0
1472	4642	4643	4648	4647	4693	4741	4698	4731	0
1473	4643	4644	4649	4648	4694	4751	4699	4741	0
1474	4644	4645	4650	4649	4695	4761	4700	4751	0
1475	4645	4646	4651	4650	4696	4771	4701	4761	0
1476	2913	4647	4652	2908	4697	4732	4702	2992	0
1477	4647	4648	4653	4652	4698	4742	4703	4732	0
1478	4648	4649	4654	4653	4699	4752	4704	4742	0
1479	4649	4650	4655	4654	4700	4762	4705	4752	0
1480	4650	4651	4656	4655	4701	4772	4706	4762	0
1481	2908	4652	4657	2903	4702	4733	4707	2991	0
1482	4652	4653	4658	4657	4703	4743	4708	4733	0
1483	4653	4654	4659	4658	4704	4753	4709	4743	0
1484	4654	4655	4660	4659	4705	4763	4710	4753	0
1485	4655	4656	4661	4660	4706	4773	4711	4763	0
1486	2903	4657	4662	2898	4707	4734	4712	2990	0
1487	4657	4658	4663	4662	4708	4744	4713	4734	0
1488	4658	4659	4664	4663	4709	4754	4714	4744	0
1489	4659	4660	4665	4664	4710	4764	4715	4754	0
1490	4660	4661	4666	4665	4711	4774	4716	4764	0
1491	2898	4662	4667	2893	4712	4735	4717	2989	0
1492	4662	4663	4668	4667	4713	4745	4718	4735	0
1493	4663	4664	4669	4668	4714	4755	4719	4745	0
1494	4664	4665	4670	4669	4715	4765	4720	4755	0
1495	4665	4666	4671	4670	4716	4775	4721	4765	0
1496	2893	4667	4672	2888	4717	4736	4722	2988	0
1497	4667	4668	4673	4672	4718	4746	4723	4736	0
1498	4668	4669	4674	4673	4719	4756	4724	4746	0
1499	4669	4670	4675	4674	4720	4766	4725	4756	0
1500	4670	4671	4676	4675	4721	4776	4726	4766	0
1501	3718	4777	4783	4782	4836	4896	4841	4886	0
1502	4777	4778	4784	4783	4837	4906	4842	4896	0
1503	4778	4779	4785	4784	4838	4916	4843	4906	0
1504	4779	4780	4786	4785	4839	4926	4844	4916	0
1505	4780	4781	4787	4786	4840	4936	4845	4926	0
1506	4782	4783	4789	4788	4841	4897	4846	4887	0
1507	4783	4784	4790	4789	4842	4907	4847	4897	0
1508	4784	4785	4791	4790	4843	4917	4848	4907	0
1509	4785	4786	4792	4791	4844	4927	4849	4917	0
1510	4786	4787	4793	4792	4845	4937	4850	4927	0
1511	4788	4789	4795	4794	4846	4898	4851	4888	0
1512	4789	4790	4796	4795	4847	4908	4852	4898	0
1513	4790	4791	4797	4796	4848	4918	4853	4908	0
1514	4791	4792	4798	4797	4849	4928	4854	4918	0
1515	4792	4793	4799	4798	4850	4938	4855	4928	0
1516	4794	4795	4801	4800	4851	4899	4856	4889	0
1517	4795	4796	4802	4801	4852	4909	4857	4899	0
1518	4796	4797	4803	4802	4853	4919	4858	4909	0
1519	4797	4798	4804	4803	4854	4929	4859	4919	0
1520	4798	4799	4805	4804	4855	4939	4860	4929	0
1521	4800	4801	4807	4806	4856	4900	4861	4890	0
1522	4801	4802	4808	4807	4857	4910	4862	4900	0
1523	4802	4803	4809	4808	4858	4920	4863	4910	0
1524	4803	4804	4810	4809	4859	4930	4864	4920	0
1525	4804	4805	4811	4810	4860	4940	4865	4930	0
1526	4806	4807	4813	4812	4861	4901	4866	4891	0
1527	4807	4808	4814	4813	4862	4911	4867	4901	0
1528	4808	4809	4815	4814	4863	4921	4868	4911	0
1529	4809	4810	4816	4815	4864	4931	4869	4921	0
1530	4810	4811	4817	4816	4865	4941	4870	4931	0
1531	4812	4813	4819	4818	4866	4902	4871	4892	0
1532	4813	4814	4820	4819	4867	4912	4872	4902	0
1533	4814	4815	4821	4820	4868	4922	4873	4912	0
1534	4815	4816	4822	4821	4869	4932	4874	4922	0
1535	4816	4817	4823	4822	4870	4942	4875	4932	0
1536	4818	4819	4825	4824	4871	4903	4876	4893	0
1537	4819	4820	4826	4825	4872	4913	4877	4903	0
1538	4820	4821	4827	4826	4873	4923	4878	4913	0
1539	4821	4822	4828	4827	4874	4933	4879	4923	0
1540	4822	4823	4829	4828	4875	4943	4880	4933	0
1541	4824	4825	4831	4830	4876	4904	4881	4894	0
1542	4825	4826	4832	4831	4877	4914	4882	4904	0
1543	4826	4827	4833	4832	4878	4924	4883	4914	0
1544	4827	4828	4834	4833	4879	4934	4884	4924	0
1545	4828	4829	4835	4834	4880	4944	4885	4934	0
1546	4830	4831	4467	4138	4881	4905	4522	4895	0
1547	4831	4832	4468	4467	4882	4915	4523	4905	0
1548	4832	4833	4469	4468	4883	4925	4524	4915	0
1549	4833	4834	4470	4469	4884	4935	4525	4925	0
1550	4834	4835	4471	4470	4885	4945	4526	4935	0
1551	4781	4780	4947	4946	4840	5046	4991	5036	0
1552	4780	4779	4948	4947	4839	5056	4992	5046	0
1553	4779	4778	4949	4948	4838	5066	4993	5056	0
1554	4778	4777	4950	4949	4837	5076	4994	5066	0
1555	4777	3718	3719	4950	4836	3768	4995	5076	0
1556	4946	4947	4952	4951	4991	5047	4996	5037	0
1557	4947	4948	4953	4952	4992	5057	4997	5047	0
1558	4948	4949	4954	4953	4993	5067	4998	5057	0
1559	4949	4950	4955	4954	4994	5077	4999	5067	0
1560	4950	3719	3720	4955	4995	3769	5000	5077	0
1561	4951	4952	4957	4956	4996	5048	5001	5038	0
1562	4952	4953	4958	4957	4997	5058	5002	5048	0
1563	4953	4954	4959	4958	4998	5068	5003	5058	0
1564	4954	4955	4960	4959	4999	5078	5004	5068	0
1565	4955	3720	3721	4960	5000	3770	5005	5078	0
1566	4956	4957	4962	4961	5001	5049	5006	5039	0
1567	4957	4958	4963	4962	5002	5059	5007	5049	0
1568	4958	4959	4964	4963	5003	5069	5008	5059	0
1569	4959	4960	4965	4964	5004	5079	5009	5069	0
1570	4960	3721	3722	4965	5005	3771	5010	5079	0
1571	4961	4962	4967	4966	5006	5050	5011	5040	0
1572	4962	4963	4968	4967	5007	5060	5012	5050	0
1573	4963	4964	4969	4968	5008	5070	5013	5060	0
1574	4964	4965	4970	4969	5009	5080	5014	5070	0
1575	4965	3722	3723	4970	5010	3772	5015	5080	0
1576	4966	4967	4972	4971	5011	5051	5016	5041	0
1577	4967	4968	4973	4972	5012	5061	5017	5051	0
1578	4968	4969	4974	4973	5013	5071	5018	5061	0
1579	4969	4970	4975	4974	5014	5081	5019	5071	0
1580	4970	3723	3724	4975	5015	3773	5020	5081	0
1581	4971	4972	4977	4976	5016	5052	5021	5042	0
1582	4972	4973	4978	4977	5017	5062	5022	5052	0
1583	4973	4974	4979	4978	5018	5072	5023	5062	0
1584	4974	4975	4980	4979	5019	5082	5024	5072	0
1585	4975	3724	3725	4980	5020	3774	5025	5082	0
1586	4976	4977	4982	4981	5021	5053	5026	5043	0
1587	4977	4978	4983	4982	5022	5063	5027	5053	0
1588	4978	4979	4984	4983	5023	5073	5028	5063	0
1589	4979	4980	4985	4984	5024	5083	5029	5073	0
1590	4980	3725	3726	4985	5025	3775	5030	5083	0
1591	4981	4982	4987	4986	5026	5054	5031	5044	0
1592	4982	4983	4988	4987	5027	5064	5032	5054	0
1593	4983	4984	4989	4988	5028	5074	5033	5064	0
1594	4984	4985	4990	4989	5029	5084	5034	5074	0
1595	4985	3726	3727	4990	5030	3776	5035	5084	0
1596	4986	4987	4675	4676	5031	5055	4726	5045	0
1597	4987	4988	4674	4675	5032	5065	4725	5055	0
1598	4988	4989	4673	4674	5033	5075	4724	5065	0
1599	4989	4990	4672	4673	5034	5085	4723	5075	0
1600	4990	3727	2888	4672	5035	3777	4722	5085	0
1601	5086	5087	5093	5092	5116	5146	5121	5141	0
1602	5087	5088	5094	5093	5117	5151	5122	5146	0
1603	5088	5089	5095	5094	5118	5156	5123	5151	0
1604	5089	5090	5096	5095	5119	5161	5124	5156	0
1605	5090	5091	5097	5096	5120	5166	5125	5161	0
1606	5092	5093	5099	5098	5121	5147	5126	5142	0
1607	5093	5094	5100	5099	5122	5152	5127	5147	0
1608	5094	5095	5101	5100	5123	5157	5128	5152	0
1609	5095	5096	5102	5101	5124	5162	5129	5157	0
1610	5096	5097	5103	5102	5125	5167	5130	5162	0
1611	5098	5099	5105	5104	5126	5148	5131	5143	0
1612	5099	5100	5106	5105	5127	5153	5132	5148	0
1613	5100	5101	5107	5106	5128	5158	5133	5153	0
1614	5101	5102	5108	5107	5129	5163	5134	5158	0
1615	5102	5103	5109	5108	5130	5168	5135	5163	0
1616	5104	5105	5111	5110	5131	5149	5136	5144	0
1617	5105	5106	5112	5111	5132	5154	5137	5149	0
1618	5106	5107	5113	5112	5133	5159	5138	5154	0
1619	5107	5108	5114	5113	5134	5164	5139	5159	0
1620	5108	5109	5115	5114	5135	5169	5140	5164	0
1621	5110	5111	3528	3358	5136	5150	3628	5145	0
1622	5111	5112	3538	3528	5137	5155	3629	5150	0
1623	5112	5113	3548	3538	5138	5160	3630	5155	0
1624	5113	5114	3558	3548	5139	5165	3631	5160	0
1625	5114	5115	3568	3558	5140	5170	3632	5165	0
1626	5091	5171	5181	5097	5221	5271	5231	5166	0
1627	5171	5172	5182	5181	5222	5276	5232	5271	0
1628	5172	5173	5183	5182	5223	5281	5233	5276	0
1629	5173	5174	5184	5183	5224	5286	5234	5281	0
1630	5174	5175	5185	5184	5225	5291	5235	5286	0
1631	5175	5176	5186	5185	5226	5296	5236	5291	0
1632	5176	5177	5187	5186	5227	5301	5237	5296	0
1633	5177	5178	5188	5187	5228	5306	5238	5301	0
1634	5178	5179	5189	5188	5229	5311	5239	5306	0
1635	5179	5180	5190	5189	5230	5316	5240	5311	0
1636	5097	5181	5191	5103	5231	5272	5241	5167	0
1637	5181	5182	5192	5191	5232	5277	5242	5272	0
1638	5182	5183	5193	5192	5233	5282	5243	5277	0
1639	5183	5184	5194	5193	5234	5287	5244	5282	0
1640	5184	5185	5195	5194	5235	5292	5245	5287	0
1641	5185	5186	5196	5195	5236	5297	5246	5292	0
1642	5186	5187	5197	5196	5237	5302	5247	5297	0
1643	5187	5188	5198	5197	5238	5307	5248	5302	0
1644	5188	5189	5199	5198	5239	5312	5249	5307	0
1645	5189	5190	5200	5199	5240	5317	5250	5312	0
1646	5103	5191	5201	5109	5241	5273	5251	5168	0
1647	5191	5192	5202	5201	5242	5278	5252	5273	0
1648	5192	5193	5203	5202	5243	5283	5253	5278	0
1649	5193	5194	5204	5203	5244	5288	5254	5283	0
1650	5194	5195	5205	5204	5245	5293	5255	5288	0
1651	5195	5196	5206	5205	5246	5298	5256	5293	0
1652	5196	5197	5207	5206	5247	5303	5257	5298	0
1653	5197	5198	5208	5207	5248	5308	5258	5303	0
1654	5198	5199	5209	5208	5249	5313	5259	5308	0
1655	5199	5200	5210	5209	5250	5318	5260	5313	0
1656	5109	5201	5211	5115	5251	5274	5261	5169	0
1657	5201	5202	5212	5211	5252	5279	5262	5274	0
1658	5202	5203	5213	5212	5253	5284	5263	5279	0
1659	5203	5204	5214	5213	5254	5289	5264	5284	0
1660	5204	5205	5215	5214	5255	5294	5265	5289	0
1661	5205	5206	5216	5215	5256	5299	5266	5294	0
1662	5206	5207	5217	5216	5257	5304	5267	5299	0
1663	5207	5208	5218	5217	5258	5309	5268	5304	0
1664	5208	5209	5219	5218	5259	5314	5269	5309	0
1665	5209	5210	5220	5219	5260	5319	5270	5314	0
1666	5115	5211	4192	3568	5261	5275	4257	5170	0
1667	5211	5212	4186	4192	5262	5280	4256	5275	0
1668	5212	5213	4180	4186	5263	5285	4255	5280	0
1669	5213	5214	4174	4180	5264	5290	4254	5285	0
1670	5214	5215	4168	4174	5265	5295	4253	5290	0
1671	5215	5216	4162	4168	5266	5300	4252	5295	0
1672	5216	5217	4156	4162	5267	5305	4251	5300	0
1673	5217	5218	4150	4156	5268	5310	4250	5305	0
1674	5218	5219	4144	4150	5269	5315	4249	5310	0
1675	5219	5220	4138	4144	5270	5320	4248	5315	0
1676	5180	5321	5331	5190	5371	5421	5381	5316	0
1677	5321	5322	5332	5331	5372	5426	5382	5421	0
1678	5322	5323	5333	5332	5373	5431	5383	5426	0
1679	5323	5324	5334	5333	5374	5436	5384	5431	0
1680	5324	5325	5335	5334	5375	5441	5385	5436	0
1681	5325	5326	5336	5335	5376	5446	5386	5441	0
1682	5326	5327	5337	5336	5377	5451	5387	5446	0
1683	5327	5328	5338	5337	5378	5456	5388	5451	0
1684	5328	5329	5339	5338	5379	5461	5389	5456	0
1685	5329	5330	5340	5339	5380	5466	5390	5461	0
1686	5190	5331	5341	5200	5381	5422	5391	5317	0
1687	5331	5332	5342	5341	5382	5427	5392	5422	0
1688	5332	5333	5343	5342	5383	5432	5393	5427	0
1689	5333	5334	5344	5343	5384	5437	5394	5432	0
1690	5334	5335	5345	5344	5385	5442	5395	5437	0
1691	5335	5336	5346	5345	5386	5447	5396	5442	0
1692	5336	5337	5347	5346	5387	5452	5397	5447	0
1693	5337	5338	5348	5347	5388	5457	5398	5452	0
1694	5338	5339	5349	5348	5389	5462	5399	5457	0
1695	5339	5340	5350	5349	5390	5467	5400	5462	0
1696	5200	5341	5351	5210	5391	5423	5401	5318	0
1697	5341	5342	5352	5351	5392	5428	5402	5423	0
1698	5342	5343	5353	5352	5393	5433	5403	5428	0
1699	5343	5344	5354	5353	5394	5438	5404	5433	0
1700	5344	5345	5355	5354	5395	5443	5405	5438	0
1701	5345	5346	5356	5355	5396	5448	5406	5443	0
1702	5346	5347	5357	5356	5397	5453	5407	5448	0
1703	5347	5348	5358	5357	5398	5458	5408	5453	0
1704	5348	5349	5359	5358	5399	5463	5409	5458	0
1705	5349	5350	5360	5359	5400	5468	5410	5463	0
1706	5210	5351	5361	5220	5401	5424	5411	5319	0
1707	5351	5352	5362	5361	5402	5429	5412	5424	0
1708	5352	5353	5363	5362	5403	5434	5413	5429	0
1709	5353	5354	5364	5363	5404	5439	5414	5434	0
1710	5354	5355	5365	5364	5405	5444	5415	5439	0
1711	5355	5356	5366	5365	5406	5449	5416	5444	0
1712	5356	5357	5367	5366	5407	5454	5417	5449	0
1713	5357	5358	5368	5367	5408	5459	5418	5454	0
1714	5358	5359	5369	5368	5409	5464	5419	5459	0
1715	5359	5360	5370	5369	5410	5469	5420	5464	0
1716	5220	5361	4830	4138	5411	5425	4895	5320	0
1717	5361	5362	4824	4830	5412	5430	4894	5425	0
1718	5362	5363	4818	4824	5413	5435	4893	5430	0
1719	5363	5364	4812	4818	5414	5440	4892	5435	0
1720	5364	5365	4806	4812	5415	5445	4891	5440	0
1721	5365	5366	4800	4806	5416	5450	4890	5445	0
1722	5366	5367	4794	4800	5417	5455	4889	5450	0
1723	5367	5368	4788	4794	5418	5460	4888	5455	0
1724	5368	5369	4782	4788	5419	5465	4887	5460	0
1725	5369	5370	3718	4782	5420	5470	4886	5465	0
1726	5330	5471	5476	5340	5496	5521	5501	5466	0
1727	5471	5472	5477	5476	5497	5526	5502	5521	0
1728	5472	5473	5478	5477	5498	5531	5503	5526	0
1729	5473	5474	5479	5478	5499	5536	5504	5531	0
1730	5474	5475	5480	5479	5500	5541	5505	5536	0
1731	5340	5476	5481	5350	5501	5522	5506	5467	0
1732	5476	5477	5482	5481	5502	5527	5507	5522	0
1733	5477	5478	5483	5482	5503	5532	5508	5527	0
1734	5478	5479	5484	5483	5504	5537	5509	5532	0
1735	5479	5480	5485	5484	5505	5542	5510	5537	0
1736	5350	5481	5486	5360	5506	5523	5511	5468	0
1737	5481	5482	5487	5486	5507	5528	5512	5523	0
1738	5482	5483	5488	5487	5508	5533	5513	5528	0
1739	5483	5484	5489	5488	5509	5538	5514	5533	0
1740	5484	5485	5490	5489	5510	5543	5515	5538	0
1741	5360	5486	5491	5370	5511	5524	5516	5469	0
1742	5486	5487	5492	5491	5512	5529	5517	5524	0
1743	5487	5488	5493	5492	5513	5534	5518	5529	0
1744	5488	5489	5494	5493	5514	5539	5519	5534	0
1745	5489	5490	5495	5494	5515	5544	5520	5539	0
1746	5370	5491	3708	3718	5516	5525	3782	5470	0
1747	5491	5492	3698	3708	5517	5530	3781	5525	0
1748	5492	5493	3688	3698	5518	5535	3780	5530	0
1749	5493	5494	3678	3688	5519	5540	3779	5535	0
1750	5494	5495	3242	3678	5520	5545	3778	5540	0
1751	66	65	5547	5546	121	5906	5726	5876	0
1752	65	64	5548	5547	120	5936	5727	5906	0
1753	64	63	5549	5548	119	5966	5728	5936	0
1754	63	62	5550	5549	118	5996	5729	5966	0
1755	62	61	5551	5550	117	6026	5730	5996	0
1756	5546	5547	5553	5552	5726	5907	5731	5877	0
1757	5547	5548	5554	5553	5727	5937	5732	5907	0
1758	5548	5549	5555	5554	5728	5967	5733	5937	0
1759	5549	5550	5556	5555	5729	5997	5734	5967	0
1760	5550	5551	5557	5556	5730	6027	5735	5997	0
1761	5552	5553	5559	5558	5731	5908	5736	5878	0
1762	5553	5554	5560	5559	5732	5938	5737	5908	0
1763	5554	5555	5561	5560	5733	5968	5738	5938	0
1764	5555	5556	5562	5561	5734	5998	5739	5968	0
1765	5556	5557	5563	5562	5735	6028	5740	5998	0
1766	5558	5559	5565	5564	5736	5909	5741	5879	0
1767	5559	5560	5566	5565	5737	5939	5742	5909	0
1768	5560	5561	5567	5566	5738	5969	5743	5939	0
1769	5561	5562	5568	5567	5739	5999	5744	5969	0
1770	5562	5563	5569	5568	5740	6029	5745	5999	0
1771	5564	5565	5571	5570	5741	5910	5746	5880	0
1772	5565	5566	5572	5571	5742	5940	5747	5910	0
1773	5566	5567	5573	5572	5743	5970	5748	5940	0
1774	5567	5568	5574	5573	5744	6000	5749	5970	0
1775	5568	5569	5575	5574	5745	6030	5750	6000	0
1776	5570	5571	5577	5576	5746	5911	5751	5881	0
1777	5571	5572	5578	5577	5747	5941	5752	5911	0
1778	5572	5573	5579	5578	5748	5971	5753	5941	0
1779	5573	5574	5580	5579	5749	6001	5754	5971	0
1780	5574	5575	5581	5580	5750	6031	5755	6001	0
1781	5576	5577	5583	5582	5751	5912	5756	5882	0
1782	5577	5578	5584	5583	5752	5942	5757	5912	0
1783	5578	5579	5585	5584	5753	5972	5758	5942	0
1784	5579	5580	5586	5585	5754	6002	5759	5972	0
1785	5580	5581	5587	5586	5755	6032	5760	6002	0
1786	5582	5583	5589	5588	5756	5913	5761	5883	0
1787	5583	5584	5590	5589	5757	5943	5762	5913	0
1788	5584	5585	5591	5590	5758	5973	5763	5943	0
1789	5585	5586	5592	5591	5759	6003	5764	5973	0
1790	5586	5587	5593	5592	5760	6033	5765	6003	0
1791	5588	5589	5595	5594	5761	5914	5766	5884	0
1792	5589	5590	5596	5595	5762	5944	5767	5914	0
1793	5590	5591	5597	5596	5763	5974	5768	5944	0
1794	5591	5592	5598	5597	5764	6004	5769	5974	0
1795	5592	5593	5599	5598	5765	6034	5770	6004	0
1796	5594	5595	5601	5600	5766	5915	5771	5885	0
1797	5595	5596	5602	5601	5767	5945	5772	5915	0
1798	5596	5597	5603	5602	5768	5975	5773	5945	0
1799	5597	5598	5604	5603	5769	6005	5774	5975	0
1800	5598	5599	5605	5604	5770	6035	5775	6005	0
1801	5600	5601	5607	5606	5771	5916	5776	5886	0
1802	5601	5602	5608	5607	5772	5946	5777	5916	0
1803	5602	5603	5609	5608	5773	5976	5778	5946	0
1804	5603	5604	5610	5609	5774	6006	5779	5976	0
1805	5604	5605	5611	5610	5775	6036	5780	6006	0
1806	5606	5607	5613	5612	5776	5917	5781	5887	0
1807	5607	5608	5614	5613	5777	5947	5782	5917	0
1808	5608	5609	5615	5614	5778	5977	5783	5947	0
1809	5609	5610	5616	5615	5779	6007	5784	5977	0
1810	5610	5611	5617	5616	5780	6037	5785	6007	0
1811	5612	5613	5619	5618	5781	5918	5786	5888	0
1812	5613	5614	5620	5619	5782	5948	5787	5918	0
1813	5614	5615	5621	5620	5783	5978	5788	5948	0
1814	5615	5616	5622	5621	5784	6008	5789	5978	0
1815	5616	5617	5623	5622	5785	6038	5790	6008	0
1816	5618	5619	5625	5624	5786	5919	5791	5889	0
1817	5619	5620	5626	5625	5787	5949	5792	5919	0
1818	5620	5621	5627	5626	5788	5979	5793	5949	0
1819	5621	5622	5628	5627	5789	6009	5794	5979	0
1820	5622	5623	5629	5628	5790	6039	5795	6009	0
1821	5624	5625	5631	5630	5791	5920	5796	5890	0
1822	5625	5626	5632	5631	5792	5950	5797	5920	0
1823	5626	5627	5633	5632	5793	5980	5798	5950	0
1824	5627	5628	5634	5633	5794	6010	5799	5980	0
1825	5628	5629	5635	5634	5795	6040	5800	6010	0
1826	5630	5631	5637	5636	5796	5921	5801	5891	0
1827	5631	5632	5638	5637	5797	5951	5802	5921	0
1828	5632	5633	5639	5638	5798	5981	5803	5951	0
1829	5633	5634	5640	5639	5799	6011	5804	5981	0
1830	5634	5635	5641	5640	5800	6041	5805	6011	0
1831	5636	5637	5643	5642	5801	5922	5806	5892	0
1832	5637	5638	5644	5643	5802	5952	5807	5922	0
1833	5638	5639	5645	5644	5803	5982	5808	5952	0
1834	5639	5640	5646	5645	5804	6012	5809	5982	0
1835	5640	5641	5647	5646	5805	6042	5810	6012	0
1836	5642	5643	5649	5648	5806	5923	5811	5893	0
1837	5643	5644	5650	5649	5807	5953	5812	5923	0
1838	5644	5645	5651	5650	5808	5983	5813	5953	0
1839	5645	5646	5652	5651	5809	6013	5814	5983	0
1840	5646	5647	5653	5652	5810	6043	5815	6013	0
1841	5648	5649	5655	5654	5811	5924	5816	5894	0
1842	5649	5650	5656	5655	5812	5954	5817	5924	0
1843	5650	5651	5657	5656	5813	5984	5818	5954	0
1844	5651	5652	5658	5657	5814	6014	5819	5984	0
1845	5652	5653	5659	5658	5815	6044	5820	6014	0
1846	5654	5655	5661	5660	5816	5925	5821	5895	0
1847	5655	5656	5662	5661	5817	5955	5822	5925	0
1848	5656	5657	5663	5662	5818	5985	5823	5955	0
1849	5657	5658	5664	5663	5819	6015	5824	5985	0
1850	5658	5659	5665	5664	5820	6045	5825	6015	0
1851	5660	5661	5667	5666	5821	5926	5826	5896	0
1852	5661	5662	5668	5667	5822	5956	5827	5926	0
1853	5662	5663	5669	5668	5823	5986	5828	5956	0
1854	5663	5664	5670	5669	5824	6016	5829	5986	0
1855	5664	5665	5671	5670	5825	6046	5830	6016	0
1856	5666	5667	5673	5672	5826	5927	5831	5897	0
1857	5667	5668	5674	5673	5827	5957	5832	5927	0
1858	5668	5669	5675	5674	5828	5987	5833	5957	0
1859	5669	5670	5676	5675	5829	6017	5834	5987	0
1860	5670	5671	5677	5676	5830	6047	5835	6017	0
1861	5672	5673	5679	5678	5831	5928	5836	5898	0
1862	5673	5674	5680	5679	5832	5958	5837	5928	0
1863	5674	5675	5681	5680	5833	5988	5838	5958	0
1864	5675	5676	5682	5681	5834	6018	5839	5988	0
1865	5676	5677	5683	5682	5835	6048	5840	6018	0
1866	5678	5679	5685	5684	5836	5929	5841	5899	0
1867	5679	5680	5686	5685	5837	5959	5842	5929	0
1868	5680	5681	5687	5686	5838	5989	5843	5959	0
1869	5681	5682	5688	5687	5839	6019	5844	5989	0
1870	5682	5683	5689	5688	5840	6049	5845	6019	0
1871	5684	5685	5691	5690	5841	5930	5846	5900	0
1872	5685	5686	5692	5691	5842	5960	5847	5930	0
1873	5686	5687	5693	5692	5843	5990	5848	5960	0
1874	5687	5688	5694	5693	5844	6020	5849	5990	0
1875	5688	5689	5695	5694	5845	6050	5850	6020	0
1876	5690	5691	5697	5696	5846	5931	5851	5901	0
1877	5691	5692	5698	5697	5847	5961	5852	5931	0
1878	5692	5693	5699	5698	5848	5991	5853	5961	0
1879	5693	5694	5700	5699	5849	6021	5854	5991	0
1880	5694	5695	5701	5700	5850	6051	5855	6021	0
1881	5696	5697	5703	5702	5851	5932	5856	5902	0
1882	5697	5698	5704	5703	5852	5962	5857	5932	0
1883	5698	5699	5705	5704	5853	5992	5858	5962	0
1884	5699	5700	5706	5705	5854	6022	5859	5992	0
1885	5700	5701	5707	5706	5855	6052	5860	6022	0
1886	5702	5703	5709	5708	5856	5933	5861	5903	0
1887	5703	5704	5710	5709	5857	5963	5862	5933	0
1888	5704	5705	5711	5710	5858	5993	5863	5963	0
1889	5705	5706	5712	5711	5859	6023	5864	5993	0
1890	5706	5707	5713	5712	5860	6053	5865	6023	0
1891	5708	5709	5715	5714	5861	5934	5866	5904	0
1892	5709	5710	5716	5715	5862	5964	5867	5934	0
1893	5710	5711	5717	5716	5863	5994	5868	5964	0
1894	5711	5712	5718	5717	5864	6024	5869	5994	0
1895	5712	5713	5719	5718	5865	6054	5870	6024	0
1896	5714	5715	5721	5720	5866	5935	5871	5905	0
1897	5715	5716	5722	5721	5867	5965	5872	5935	0
1898	5716	5717	5723	5722	5868	5995	5873	5965	0
1899	5717	5718	5724	5723	5869	6025	5874	5995	0
1900	5718	5719	5725	5724	5870	6055	5875	6025	0
1901	6056	6057	6062	6061	6206	6386	6211	6356	0
1902	6057	6058	6063	6062	6207	6416	6212	6386	0
1903	6058	6059	6064	6063	6208	6446	6213	6416	0
1904	6059	6060	6065	6064	6209	6476	6214	6446	0
1905	6060	5725	5719	6065	6210	6055	6215	6476	0
1906	6061	6062	6067	6066	6211	6387	6216	6357	0
1907	6062	6063	6068	6067	6212	6417	6217	6387	0
1908	6063	6064	6069	6068	6213	6447	6218	6417	0
1909	6064	6065	6070	6069	6214	6477	6219	6447	0
1910	6065	5719	5713	6070	6215	6054	6220	6477	0
1911	6066	6067	6072	6071	6216	6388	6221	6358	0
1912	6067	6068	6073	6072	6217	6418	6222	6388	0
1913	6068	6069	6074	6073	6218	6448	6223	6418	0
1914	6069	6070	6075	6074	6219	6478	6224	6448	0
1915	6070	5713	5707	6075	6220	6053	6225	6478	0
1916	6071	6072	6077	6076	6221	6389	6226	6359	0
1917	6072	6073	6078	6077	6222	6419	6227	6389	0
1918	6073	6074	6079	6078	6223	6449	6228	6419	0
1919	6074	6075	6080	6079	6224	6479	6229	6449	0
1920	6075	5707	5701	6080	6225	6052	6230	6479	0
1921	6076	6077	6082	6081	6226	6390	6231	6360	0
1922	6077	6078	6083	6082	6227	6420	6232	6390	0
1923	6078	6079	6084	6083	6228	6450	6233	6420	0
1924	6079	6080	6085	6084	6229	6480	6234	6450	0
1925	6080	5701	5695	6085	6230	6051	6235	6480	0
1926	6081	6082	6087	6086	6231	6391	6236	6361	0
1927	6082	6083	6088	6087	6232	6421	6237	6391	0
1928	6083	6084	6089	6088	6233	6451	6238	6421	0
1929	6084	6085	6090	6089	6234	6481	6239	6451	0
1930	6085	5695	5689	6090	6235	6050	6240	6481	0
1931	6086	6087	6092	6091	6236	6392	6241	6362	0
1932	6087	6088	6093	6092	6237	6422	6242	6392	0
1933	6088	6089	6094	6093	6238	6452	6243	6422	0
1934	6089	6090	6095	6094	6239	6482	6244	6452	0
1935	6090	5689	5683	6095	6240	6049	6245	6482	0
1936	6091	6092	6097	6096	6241	6393	6246	6363	0
1937	6092	6093	6098	6097	6242	6423	6247	6393	0
1938	6093	6094	6099	6098	6243	6453	6248	6423	0
1939	6094	6095	6100	6099	6244	6483	6249	6453	0
1940	6095	5683	5677	6100	6245	6048	6250	6483	0
1941	6096	6097	6102	6101	6246	6394	6251	6364	0
1942	6097	6098	6103	6102	6247	6424	6252	6394	0
1943	6098	6099	6104	6103	6248	6454	6253	6424	0
1944	6099	6100	6105	6104	6249	6484	6254	6454	0
1945	6100	5677	5671	6105	6250	6047	6255	6484	0
1946	6101	6102	6107	6106	6251	6395	6256	6365	0
1947	6102	6103	6108	6107	6252	6425	6257	6395	0
1948	6103	6104	6109	6108	6253	6455	6258	6425	0
1949	6104	6105	6110	6109	6254	6485	6259	6455	0
1950	6105	5671	5665	6110	6255	6046	6260	6485	0
1951	6106	6107	6112	6111	6256	6396	6261	6366	0
1952	6107	6108	6113	6112	6257	6426	6262	6396	0
1953	6108	6109	6114	6113	6258	6456	6263	6426	0
1954	6109	6110	6115	6114	6259	6486	6264	6456	0
1955	6110	5665	5659	6115	6260	6045	6265	6486	0
1956	6111	6112	6117	6116	6261	6397	6266	6367	0
1957	6112	6113	6118	6117	6262	6427	6267	6397	0
1958	6113	6114	6119	6118	6263	6457	6268	6427	0
1959	6114	6115	6120	6119	6264	6487	6269	6457	0
1960	6115	5659	5653	6120	6265	6044	6270	6487	0
1961	6116	6117	6122	6121	6266	6398	6271	6368	0
1962	6117	6118	6123	6122	6267	6428	6272	6398	0
1963	6118	6119	6124	6123	6268	6458	6273	6428	0
1964	6119	6120	6125	6124	6269	6488	6274	6458	0
1965	6120	5653	5647	6125	6270	6043	6275	6488	0
1966	6121	6122	6127	6126	6271	6399	6276	6369	0
1967	6122	6123	6128	6127	6272	6429	6277	6399	0
1968	6123	6124	6129	6128	6273	6459	6278	6429	0
1969	6124	6125	6130	6129	6274	6489	6279	6459	0
1970	6125	5647	5641	6130	6275	6042	6280	6489	0
1971	6126	6127	6132	6131	6276	6400	6281	6370	0
1972	6127	6128	6133	6132	6277	6430	6282	6400	0
1973	6128	6129	6134	6133	6278	6460	6283	6430	0
1974	6129	6130	6135	6134	6279	6490	6284	6460	0
1975	6130	5641	5635	6135	6280	6041	6285	6490	0
1976	6131	6132	6137	6136	6281	6401	6286	6371	0
1977	6132	6133	6138	6137	6282	6431	6287	6401	0
1978	6133	6134	6139	6138	6283	6461	6288	6431	0
1979	6134	6135	6140	6139	6284	6491	6289	6461	0
1980	6135	5635	5629	6140	6285	6040	6290	6491	0
1981	6136	6137	6142	6141	6286	6402	6291	6372	0
1982	6137	6138	6143	6142	6287	6432	6292	6402	0
1983	6138	6139	6144	6143	6288	6462	6293	6432	0
1984	6139	6140	6145	6144	6289	6492	6294	6462	0
1985	6140	5629	5623	6145	6290	6039	6295	6492	0
1986	6141	6142	6147	6146	6291	6403	6296	6373	0
1987	6142	6143	6148	6147	6292	6433	6297	6403	0
1988	6143	6144	6149	6148	6293	6463	6298	6433	0
1989	6144	6145	6150	6149	6294	6493	6299	6463	0
1990	6145	5623	5617	6150	6295	6038	6300	6493	0
1991	6146	6147	6152	6151	6296	6404	6301	6374	0
1992	6147	6148	6153	6152	6297	6434	6302	6404	0
1993	6148	6149	6154	6153	6298	6464	6303	6434	0
1994	6149	6150	6155	6154	6299	6494	6304	6464	0
1995	6150	5617	5611	6155	6300	6037	6305	6494	0
1996	6151	6152	6157	6156	6301	6405	6306	6375	0
1997	6152	6153	6158	6157	6302	6435	6307	6405	0
1998	6153	6154	6159	6158	6303	6465	6308	6435	0
1999	6154	6155	6160	6159	6304	6495	6309	6465	0
2000	6155	5611	5605	6160	6305	6036	6310	6495	0
2001	6156	6157	6162	6161	6306	6406	6311	6376	0
2002	6157	6158	6163	6162	6307	6436	6312	6406	0
2003	6158	6159	6164	6163	6308	6466	6313	6436	0
2004	6159	6160	6165	6164	6309	6496	6314	6466	0
2005	6160	5605	5599	6165	6310	6035	6315	6496	0
2006	6161	6162	6167	6166	6311	6407	6316	6377	0
2007	6162	6163	6168	6167	6312	6437	6317	6407	0
2008	6163	6164	6169	6168	6313	6467	6318	6437	0
2009	6164	6165	6170	6169	6314	6497	6319	6467	0
2010	6165	5599	5593	6170	6315	6034	6320	6497	0
2011	6166	6167	6172	6171	6316	6408	6321	6378	0
2012	6167	6168	6173	6172	6317	6438	6322	6408	0
2013	6168	6169	6174	6173	6318	6468	6323	6438	0
2014	6169	6170	6175	6174	6319	6498	6324	6468	0
2015	6170	5593	5587	6175	6320	6033	6325	6498	0
2016	6171	6172	6177	6176	6321	6409	6326	6379	0
2017	6172	6173	6178	6177	6322	6439	6327	6409	0
2018	6173	6174	6179	6178	6323	6469	6328	6439	0
2019	6174	6175	6180	6179	6324	6499	6329	6469	0
2020	6175	5587	5581	6180	6325	6032	6330	6499	0
2021	6176	6177	6182	6181	6326	6410	6331	6380	0
2022	6177	6178	6183	6182	6327	6440	6332	6410	0
2023	6178	6179	6184	6183	6328	6470	6333	6440	0
2024	6179	6180	6185	6184	6329	6500	6334	6470	0
2025	6180	5581	5575	6185	6330	6031	6335	6500	0
2026	6181	6182	6187	6186	6331	6411	6336	6381	0
2027	6182	6183	6188	6187	6332	6441	6337	6411	0
2028	6183	6184	6189	6188	6333	6471	6338	6441	0
2029	6184	6185	6190	6189	6334	6501	6339	6471	0
2030	6185	5575	5569	6190	6335	6030	6340	6501	0
2031	6186	6187	6192	6191	6336	6412	6341	6382	0
2032	6187	6188	6193	6192	6337	6442	6342	6412	0
2033	6188	6189	6194	6193	6338	6472	6343	6442	0
2034	6189	6190	6195	6194	6339	6502	6344	6472	0
2035	6190	5569	5563	6195	6340	6029	6345	6502	0
2036	6191	6192	6197	6196	6341	6413	6346	6383	0
2037	6192	6193	6198	6197	6342	6443	6347	6413	0
2038	6193	6194	6199	6198	6343	6473	6348	6443	0
2039	6194	6195	6200	6199	6344	6503	6349	6473	0
2040	6195	5563	5557	6200	6345	6028	6350	6503	0
2041	6196	6197	6202	6201	6346	6414	6351	6384	0
2042	6197	6198	6203	6202	6347	6444	6352	6414	0
2043	6198	6199	6204	6203	6348	6474	6353	6444	0
2044	6199	6200	6205	6204	6349	6504	6354	6474	0
2045	6200	5557	5551	6205	6350	6027	6355	6504	0
2046	6201	6202	2794	711	6351	6415	2847	6385	0
2047	6202	6203	2793	2794	6352	6445	1355	6415	0
2048	6203	6204	706	2793	6353	6475	2846	6445	0
2049	6204	6205	2792	706	6354	6505	2845	6475	0
2050	6205	5551	61	2792	6355	6026	1350	6505	0
2051	711	2648	6506	6201	2701	6806	6656	6385	0
2052	2648	2647	6507	6506	1360	6836	6657	6806	0
2053	2647	716	6508	6507	2700	6866	6658	6836	0
2054	716	2646	6509	6508	2699	6896	6659	6866	0
2055	2646	352	6510	6509	1365	6926	6660	6896	0
2056	6201	6506	6511	6196	6656	6807	6661	6384	0
2057	6506	6507	6512	6511	6657	6837	6662	6807	0
2058	6507	6508	6513	6512	6658	6867	6663	6837	0
2059	6508	6509	6514	6513	6659	6897	6664	6867	0
2060	6509	6510	6515	6514	6660	6927	6665	6897	0
2061	6196	6511	6516	6191	6661	6808	6666	6383	0
2062	6511	6512	6517	6516	6662	6838	6667	6808	0
2063	6512	6513	6518	6517	6663	6868	6668	6838	0
2064	6513	6514	6519	6518	6664	6898	6669	6868	0
2065	6514	6515	6520	6519	6665	6928	6670	6898	0
2066	6191	6516	6521	6186	6666	6809	6671	6382	0
2067	6516	6517	6522	6521	6667	6839	6672	6809	0
2068	6517	6518	6523	6522	6668	6869	6673	6839	0
2069	6518	6519	6524	6523	6669	6899	6674	6869	0
2070	6519	6520	6525	6524	6670	6929	6675	6899	0
2071	6186	6521	6526	6181	6671	6810	6676	6381	0
2072	6521	6522	6527	6526	6672	6840	6677	6810	0
2073	6522	6523	6528	6527	6673	6870	6678	6840	0
2074	6523	6524	6529	6528	6674	6900	6679	6870	0
2075	6524	6525	6530	6529	6675	6930	6680	6900	0
2076	6181	6526	6531	6176	6676	6811	6681	6380	0
2077	6526	6527	6532	6531	6677	6841	6682	6811	0
2078	6527	6528	6533	6532	6678	6871	6683	6841	0
2079	6528	6529	6534	6533	6679	6901	6684	6871	0
2080	6529	6530	6535	6534	6680	6931	6685	6901	0
2081	6176	6531	6536	6171	6681	6812	6686	6379	0
2082	6531	6532	6537	6536	6682	6842	6687	6812	0
2083	6532	6533	6538	6537	6683	6872	6688	6842	0
2084	6533	6534	6539	6538	6684	6902	6689	6872	0
2085	6534	6535	6540	6539	6685	6932	6690	6902	0
2086	6171	6536	6541	6166	6686	6813	6691	6378	0
2087	6536	6537	6542	6541	6687	6843	6692	6813	0
2088	6537	6538	6543	6542	6688	6873	6693	6843	0
2089	6538	6539	6544	6543	6689	6903	6694	6873	0
2090	6539	6540	6545	6544	6690	6933	6695	6903	0
2091	6166	6541	6546	6161	6691	6814	6696	6377	0
2092	6541	6542	6547	6546	6692	6844	6697	6814	0
2093	6542	6543	6548	6547	6693	6874	6698	6844	0
2094	6543	6544	6549	6548	6694	6904	6699	6874	0
2095	6544	6545	6550	6549	6695	6934	6700	6904	0
2096	6161	6546	6551	6156	6696	6815	6701	6376	0
2097	6546	6547	6552	6551	6697	6845	6702	6815	0
2098	6547	6548	6553	6552	6698	6875	6703	6845	0
2099	6548	6549	6554	6553	6699	6905	6704	6875	0
2100	6549	6550	6555	6554	6700	6935	6705	6905	0
2101	6156	6551	6556	6151	6701	6816	6706	6375	0
2102	6551	6552	6557	6556	6702	6846	6707	6816	0
2103	6552	6553	6558	6557	6703	6876	6708	6846	0
2104	6553	6554	6559	6558	6704	6906	6709	6876	0
2105	6554	6555	6560	6559	6705	6936	6710	6906	0
2106	6151	6556	6561	6146	6706	6817	6711	6374	0
2107	6556	6557	6562	6561	6707	6847	6712	6817	0
2108	6557	6558	6563	6562	6708	6877	6713	6847	0
2109	6558	6559	6564	6563	6709	6907	6714	6877	0
2110	6559	6560	6565	6564	6710	6937	6715	6907	0
2111	6146	6561	6566	6141	6711	6818	6716	6373	0
2112	6561	6562	6567	6566	6712	6848	6717	6818	0
2113	6562	6563	6568	6567	6713	6878	6718	6848	0
2114	6563	6564	6569	6568	6714	6908	6719	6878	0
2115	6564	6565	6570	6569	6715	6938	6720	6908	0
2116	6141	6566	6571	6136	6716	6819	6721	6372	0
2117	6566	6567	6572	6571	6717	6849	6722	6819	0
2118	6567	6568	6573	6572	6718	6879	6723	6849	0
2119	6568	6569	6574	6573	6719	6909	6724	6879	0
2120	6569	6570	6575	6574	6720	6939	6725	6909	0
2121	6136	6571	6576	6131	6721	6820	6726	6371	0
2122	6571	6572	6577	6576	6722	6850	6727	6820	0
2123	6572	6573	6578	6577	6723	6880	6728	6850	0
2124	6573	6574	6579	6578	6724	6910	6729	6880	0
2125	6574	6575	6580	6579	6725	6940	6730	6910	0
2126	6131	6576	6581	6126	6726	6821	6731	6370	0
2127	6576	6577	6582	6581	6727	6851	6732	6821	0
2128	6577	6578	6583	6582	6728	6881	6733	6851	0
2129	6578	6579	6584	6583	6729	6911	6734	6881	0
2130	6579	6580	6585	6584	6730	6941	6735	6911	0
2131	6126	6581	6586	6121	6731	6822	6736	6369	0
2132	6581	6582	6587	6586	6732	6852	6737	6822	0
2133	6582	6583	6588	6587	6733	6882	6738	6852	0
2134	6583	6584	6589	6588	6734	6912	6739	6882	0
2135	6584	6585	6590	6589	6735	6942	6740	6912	0
2136	6121	6586	6591	6116	6736	6823	6741	6368	0
2137	6586	6587	6592	6591	6737	6853	6742	6823	0
2138	6587	6588	6593	6592	6738	6883	6743	6853	0
2139	6588	6589	6594	6593	6739	6913	6744	6883	0
2140	6589	6590	6595	6594	6740	6943	6745	6913	0
2141	6116	6591	6596	6111	6741	6824	6746	6367	0
2142	6591	6592	6597	6596	6742	6854	6747	6824	0
2143	6592	6593	6598	6597	6743	6884	6748	6854	0
2144	6593	6594	6599	6598	6744	6914	6749	6884	0
2145	6594	6595	6600	6599	6745	6944	6750	6914	0
2146	6111	6596	6601	6106	6746	6825	6751	6366	0
2147	6596	6597	6602	6601	6747	6855	6752	6825	0
2148	6597	6598	6603	6602	6748	6885	6753	6855	0
2149	6598	6599	6604	6603	6749	6915	6754	6885	0
2150	6599	6600	6605	6604	6750	6945	6755	6915	0
2151	6106	6601	6606	6101	6751	6826	6756	6365	0
2152	6601	6602	6607	6606	6752	6856	6757	6826	0
2153	6602	6603	6608	6607	6753	6886	6758	6856	0
2154	6603	6604	6609	6608	6754	6916	6759	6886	0
2155	6604	6605	6610	6609	6755	6946	6760	6916	0
2156	6101	6606	6611	6096	6756	6827	6761	6364	0
2157	6606	6607	6612	6611	6757	6857	6762	6827	0
2158	6607	6608	6613	6612	6758	6887	6763	6857	0
2159	6608	6609	6614	6613	6759	6917	6764	6887	0
2160	6609	6610	6615	6614	6760	6947	6765	6917	0
2161	6096	6611	6616	6091	6761	6828	6766	6363	0
2162	6611	6612	6617	6616	6762	6858	6767	6828	0
2163	6612	6613	6618	6617	6763	6888	6768	6858	0
2164	6613	6614	6619	6618	6764	6918	6769	6888	0
2165	6614	6615	6620	6619	6765	6948	6770	6918	0
2166	6091	6616	6621	6086	6766	6829	6771	6362	0
2167	6616	6617	6622	6621	6767	6859	6772	6829	0
2168	6617	6618	6623	6622	6768	6889	6773	6859	0
2169	6618	6619	6624	6623	6769	6919	6774	6889	0
2170	6619	6620	6625	6624	6770	6949	6775	6919	0
2171	6086	6621	6626	6081	6771	6830	6776	6361	0
2172	6621	6622	6627	6626	6772	6860	6777	6830	0
2173	6622	6623	6628	6627	6773	6890	6778	6860	0
2174	6623	6624	6629	6628	6774	6920	6779	6890	0
2175	6624	6625	6630	6629	6775	6950	6780	6920	0
2176	6081	6626	6631	6076	6776	6831	6781	6360	0
2177	6626	6627	6632	6631	6777	6861	6782	6831	0
2178	6627	6628	6633	6632	6778	6891	6783	6861	0
2179	6628	6629	6634	6633	6779	6921	6784	6891	0
2180	6629	6630	6635	6634	6780	6951	6785	6921	0
2181	6076	6631	6636	6071	6781	6832	6786	6359	0
2182	6631	6632	6637	6636	6782	6862	6787	6832	0
2183	6632	6633	6638	6637	6783	6892	6788	6862	0
2184	6633	6634	6639	6638	6784	6922	6789	6892	0
2185	6634	6635	6640	6639	6785	6952	6790	6922	0
2186	6071	6636	6641	6066	6786	6833	6791	6358	0
2187	6636	6637	6642	6641	6787	6863	6792	6833	0
2188	6637	6638	6643	6642	6788	6893	6793	6863	0
2189	6638	6639	6644	6643	6789	6923	6794	6893	0
2190	6639	6640	6645	6644	6790	6953	6795	6923	0
2191	6066	6641	6646	6061	6791	6834	6796	6357	0
2192	6641	6642	6647	6646	6792	6864	6797	6834	0
2193	6642	6643	6648	6647	6793	6894	6798	6864	0
2194	6643	6644	6649	6648	6794	6924	6799	6894	0
2195	6644	6645	6650	6649	6795	6954	6800	6924	0
2196	6061	6646	6651	6056	6796	6835	6801	6356	0
2197	6646	6647	6652	6651	6797	6865	6802	6835	0
2198	6647	6648	6653	6652	6798	6895	6803	6865	0
2199	6648	6649	6654	6653	6799	6925	6804	6895	0
2200	6649	6650	6655	6654	6800	6955	6805	6925	0
2201	352	353	6956	6510	418	7256	7106	6926	0
2202	353	354	6957	6956	419	7286	7107	7256	0
2203	354	355	6958	6957	420	7316	7108	7286	0
2204	355	356	6959	6958	421	7346	7109	7316	0
2205	356	357	6960	6959	422	7376	7110	7346	0
2206	6510	6956	6961	6515	7106	7257	7111	6927	0
2207	6956	6957	6962	6961	7107	7287	7112	7257	0
2208	6957	6958	6963	6962	7108	7317	7113	7287	0
2209	6958	6959	6964	6963	7109	7347	7114	7317	0
2210	6959	6960	6965	6964	7110	7377	7115	7347	0
2211	6515	6961	6966	6520	7111	7258	7116	6928	0
2212	6961	6962	6967	6966	7112	7288	7117	7258	0
2213	6962	6963	6968	6967	7113	7318	7118	7288	0
2214	6963	6964	6969	6968	7114	7348	7119	7318	0
2215	6964	6965	6970	6969	7115	7378	7120	7348	0
2216	6520	6966	6971	6525	7116	7259	7121	6929	0
2217	6966	6967	6972	6971	7117	7289	7122	7259	0
2218	6967	6968	6973	6972	7118	7319	7123	7289	0
2219	6968	6969	6974	6973	7119	7349	7124	7319	0
2220	6969	6970	6975	6974	7120	7379	7125	7349	0
2221	6525	6971	6976	6530	7121	7260	7126	6930	0
2222	6971	6972	6977	6976	7122	7290	7127	7260	0
2223	6972	6973	6978	6977	7123	7320	7128	7290	0
2224	6973	6974	6979	6978	7124	7350	7129	7320	0
2225	6974	6975	6980	6979	7125	7380	7130	7350	0
2226	6530	6976	6981	6535	7126	7261	7131	6931	0
2227	6976	6977	6982	6981	7127	7291	7132	7261	0
2228	6977	6978	6983	6982	7128	7321	7133	7291	0
2229	6978	6979	6984	6983	7129	7351	7134	7321	0
2230	6979	6980	6985	6984	7130	7381	7135	7351	0
2231	6535	6981	6986	6540	7131	7262	7136	6932	0
2232	6981	6982	6987	6986	7132	7292	7137	7262	0
2233	6982	6983	6988	6987	7133	7322	7138	7292	0
2234	6983	6984	6989	6988	7134	7352	7139	7322	0
2235	6984	6985	6990	6989	7135	7382	7140	7352	0
2236	6540	6986	6991	6545	7136	7263	7141	6933	0
2237	6986	6987	6992	6991	7137	7293	7142	7263	0
2238	6987	6988	6993	6992	7138	7323	7143	7293	0
2239	6988	6989	6994	6993	7139	7353	7144	7323	0
2240	6989	6990	6995	6994	7140	7383	7145	7353	0
2241	6545	6991	6996	6550	7141	7264	7146	6934	0
2242	6991	6992	6997	6996	7142	7294	7147	7264	0
2243	6992	6993	6998	6997	7143	7324	7148	7294	0
2244	6993	6994	6999	6998	7144	7354	7149	7324	0
2245	6994	6995	7000	6999	7145	7384	7150	7354	0
2246	6550	6996	7001	6555	7146	7265	7151	6935	0
2247	6996	6997	7002	7001	7147	7295	7152	7265	0
2248	6997	6998	7003	7002	7148	7325	7153	7295	0
2249	6998	6999	7004	7003	7149	7355	7154	7325	0
2250	6999	7000	7005	7004	7150	7385	7155	7355	0
2251	6555	7001	7006	6560	7151	7266	7156	6936	0
2252	7001	7002	7007	7006	7152	7296	7157	7266	0
2253	7002	7003	7008	7007	7153	7326	7158	7296	0
2254	7003	7004	7009	7008	7154	7356	7159	7326	0
2255	7004	7005	7010	7009	7155	7386	7160	7356	0
2256	6560	7006	7011	6565	7156	7267	7161	6937	0
2257	7006	7007	7012	7011	7157	7297	7162	7267	0
2258	7007	7008	7013	7012	7158	7327	7163	7297	0
2259	7008	7009	7014	7013	7159	7357	7164	7327	0
2260	7009	7010	7015	7014	7160	7387	7165	7357	0
2261	6565	7011	7016	6570	7161	7268	7166	6938	0
2262	7011	7012	7017	7016	7162	7298	7167	7268	0
2263	7012	7013	7018	7017	7163	7328	7168	7298	0
2264	7013	7014	7019	7018	7164	7358	7169	7328	0
2265	7014	7015	7020	7019	7165	7388	7170	7358	0
2266	6570	7016	7021	6575	7166	7269	7171	6939	0
2267	7016	7017	7022	7021	7167	7299	7172	7269	0
2268	7017	7018	7023	7022	7168	7329	7173	7299	0
2269	7018	7019	7024	7023	7169	7359	7174	7329	0
2270	7019	7020	7025	7024	7170	7389	7175	7359	0
2271	6575	7021	7026	6580	7171	7270	7176	6940	0
2272	7021	7022	7027	7026	7172	7300	7177	7270	0
2273	7022	7023	7028	7027	7173	7330	7178	7300	0
2274	7023	7024	7029	7028	7174	7360	7179	7330	0
2275	7024	7025	7030	7029	7175	7390	7180	7360	0
2276	6580	7026	7031	6585	7176	7271	7181	6941	0
2277	7026	7027	7032	7031	7177	7301	7182	7271	0
2278	7027	7028	7033	7032	7178	7331	7183	7301	0
2279	7028	7029	7034	7033	7179	7361	7184	7331	0
2280	7029	7030	7035	7034	7180	7391	7185	7361	0
2281	6585	7031	7036	6590	7181	7272	7186	6942	0
2282	7031	7032	7037	7036	7182	7302	7187	7272	0
2283	7032	7033	7038	7037	7183	7332	7188	7302	0
2284	7033	7034	7039	7038	7184	7362	7189	7332	0
2285	7034	7035	7040	7039	7185	7392	7190	7362	0
2286	6590	7036	7041	6595	7186	7273	7191	6943	0
2287	7036	7037	7042	7041	7187	7303	7192	7273	0
2288	7037	7038	7043	7042	7188	7333	7193	7303	0
2289	7038	7039	7044	7043	7189	7363	7194	7333	0
2290	7039	7040	7045	7044	7190	7393	7195	7363	0
2291	6595	7041	7046	6600	7191	7274	7196	6944	0
2292	7041	7042	7047	7046	7192	7304	7197	7274	0
2293	7042	7043	7048	7047	7193	7334	7198	7304	0
2294	7043	7044	7049	7048	7194	7364	7199	7334	0
2295	7044	7045	7050	7049	7195	7394	7200	7364	0
2296	6600	7046	7051	6605	7196	7275	7201	6945	0
2297	7046	7047	7052	7051	7197	7305	7202	7275	0
2298	7047	7048	7053	7052	7198	7335	7203	7305	0
2299	7048	7049	7054	7053	7199	7365	7204	7335	0
2300	7049	7050	7055	7054	7200	7395	7205	7365	0
2301	6605	7051	7056	6610	7201	7276	7206	6946	0
2302	7051	7052	7057	7056	7202	7306	7207	7276	0
2303	7052	7053	7058	7057	7203	7336	7208	7306	0
2304	7053	7054	7059	7058	7204	7366	7209	7336	0
2305	7054	7055	7060	7059	7205	7396	7210	7366	0
2306	6610	7056	7061	6615	7206	7277	7211	6947	0
2307	7056	7057	7062	7061	7207	7307	7212	7277	0
2308	7057	7058	7063	7062	7208	7337	7213	7307	0
2309	7058	7059	7064	7063	7209	7367	7214	7337	0
2310	7059	7060	7065	7064	7210	7397	7215	7367	0
2311	6615	7061	7066	6620	7211	7278	7216	6948	0
2312	7061	7062	7067	7066	7212	7308	7217	7278	0
2313	7062	7063	7068	7067	7213	7338	7218	7308	0
2314	7063	7064	7069	7068	7214	7368	7219	7338	0
2315	7064	7065	7070	7069	7215	7398	7220	7368	0
2316	6620	7066	7071	6625	7216	7279	7221	6949	0
2317	7066	7067	7072	7071	7217	7309	7222	7279	0
2318	7067	7068	7073	7072	7218	7339	7223	7309	0
2319	7068	7069	7074	7073	7219	7369	7224	7339	0
2320	7069	7070	7075	7074	7220	7399	7225	7369	0
2321	6625	7071	7076	6630	7221	7280	7226	6950	0
2322	7071	7072	7077	7076	7222	7310	7227	7280	0
2323	7072	7073	7078	7077	7223	7340	7228	7310	0
2324	7073	7074	7079	7078	7224	7370	7229	7340	0
2325	7074	7075	7080	7079	7225	7400	7230	7370	0
2326	6630	7076	7081	6635	7226	7281	7231	6951	0
2327	7076	7077	7082	7081	7227	7311	7232	7281	0
2328	7077	7078	7083	7082	7228	7341	7233	7311	0
2329	7078	7079	7084	7083	7229	7371	7234	7341	0
2330	7079	7080	7085	7084	7230	7401	7235	7371	0
2331	6635	7081	7086	6640	7231	7282	7236	6952	0
2332	7081	7082	7087	7086	7232	7312	7237	7282	0
2333	7082	7083	7088	7087	7233	7342	7238	7312	0
2334	7083	7084	7089	7088	7234	7372	7239	7342	0
2335	7084	7085	7090	7089	7235	7402	7240	7372	0
2336	6640	7086	7091	6645	7236	7283	7241	6953	0
2337	7086	7087	7092	7091	7237	7313	7242	7283	0
2338	7087	7088	7093	7092	7238	7343	7243	7313	0
2339	7088	7089	7094	7093	7239	7373	7244	7343	0
2340	7089	7090	7095	7094	7240	7403	7245	7373	0
2341	6645	7091	7096	6650	7241	7284	7246	6954	0
2342	7091	7092	7097	7096	7242	7314	7247	7284	0
2343	7092	7093	7098	7097	7243	7344	7248	7314	0
2344	7093	7094	7099	7098	7244	7374	7249	7344	0
2345	7094	7095	7100	7099	7245	7404	7250	7374	0
2346	6650	7096	7101	6655	7246	7285	7251	6955	0
2347	7096	7097	7102	7101	7247	7315	7252	7285	0
2348	7097	7098	7103	7102	7248	7345	7253	7315	0
2349	7098	7099	7104	7103	7249	7375	7254	7345	0
2350	7099	7100	7105	7104	7250	7405	7255	7375	0
