*ADINA-A 9.3.E                                                                  
C*!!! DO NOT EDIT THE NEXT   4 RECORDS WHICH CONTROL FILE I/O                   
C*FILEIO   2                                                                    
C*RES   8   2                                                                   
C*POR  60   2                                                                   
C*FILEIO                                                                        
C*ADINA                                                                         
 *** NO HEADING DEFINED ***
C***  [1] MASTER CONTROL RECORD 1
        52   0000000    2    0    1         1  1.000000000000        0        54
  0.000000000000    010 4    0    1  0 0    0    0    2    0    0 00 0       0.0
         0         0       0.018.0000000       0.0    0    0    0   12  100    0
    0    0    0    0       0.0       0.0    0    0         0         0 0  0   11
         1         0    0    0    0 0  0        52    0    0    0    0    0    0
         2         0         0       0.0       0.0       0.0       0.0    0    0
.100000E-51000000.00         0         0         0       0.0    013  1         0
C***  [2] MASTER CONTROL RECORD 2
         1        50         0    0    0    2 3000 1 0 0 0 0 0 0 0 00001      00
         0        51         0         0         0         0        54         0
         0.100000E-9    1    0    0    0    0    000  0 0  0 0  0    0    0    0
         0         0         0         0         0         0         045.0000000
    0    0    1
C***  [3] LOAD CONTROL
         1         0         0        25         0         0         0         0
         0         0         0         0         0         0         0         0
         0         0         0         0         0         0         0         0
    0    0    0    0    2    0    0    0    0    0    0    0    0    0    0 0  0
C***  [4] MASS AND DAMPING CONTROL
    0    0    0    0       0.0       0.0         0         0.100000E-3    0    0
    0    0    0    0    0    0    0    0         0         0
C***  [5] EIGENVALUE SOLUTION CONTROL
    0    1    0   -1    0    0    0    0    1            0.0    1   50    0
    0    0    0    0    1    0    1            0.0       0.0.540000000       0.0
C***  [6] TIME INTEGRATION METHOD CONTROL
    0    0.500000000.250000000    0    0    0    0    0.010000000              0
         1.900000000.0010000008.00000000       0.0       0.01.00000000.500000000
C***  [7] INCREMENTAL SOLUTION CONTROL
 3  0   -3  1 120 15.001000000.010000000.050000000.500000000       0.0       0.0
    1
C***  [7A] ITERATIVE SOLUTION PARAMETERS
    0    2    1.100000E-5.100000E-3.100000E-71.00000000       0.0    0       0.0
C***  [8] PRINT-OUT CONTROL
    1    0    0    1    1    1    0    0    1    0    0    1    0    0    0    2
C***  [9] PORTHOLE SAVE CONTROL
    1    1    1   60   60    0         1    1    1    1    1    0    0.100000E-8
C***  STIFFNESS REFORMATION TIME STEP BLOCKS
         1         1         1
C***  EQUILIBRIUM ITERATION TIME STEP BLOCKS
         1         1         1
C***  NODAL RESPONSE SAVE TIME STEP BLOCKS
         1         1         1
C***  ELEMENT RESPONSE SAVE TIME STEP BLOCKS
         1         1         1
C***  NODAL QUANTITIES SAVE NODE BLOCKS
         1         1         1
C***  TIME FUNCTIONS
         1         2
         1         2         1            0.000000000000      0.000000000000    
  0.000000000000    
  0.000000000000      1.000000000000     0.1000000000000E+21  1.000000000000    
C***  FSI CONTROL
         0         0         0         0         0         0
C***  NODAL POINT DATA
         3  0.000000000000     0.1000000000000      0.000000000000     0 0 1 0 0
         1         0         0         0         0         0         0          
         0         0         0         0         0         0
         4  0.000000000000      0.000000000000      0.000000000000     0 0 1 0 0
       101         0         0         0         0         0         0          
         0         0         0         0         0         0
         5 0.4800000000000      0.000000000000      0.000000000000     0 0 1 0 0
         1         0         0         0         0         0         0          
         1         2         3         4         5         6
         6 0.9600000000000      0.000000000000      0.000000000000     0 0 1 0 0
         1         0         0         0         0         0         0          
         7         8         9        10        11        12
         7  1.440000000000      0.000000000000      0.000000000000     0 0 1 0 0
         1         0         0         0         0         0         0          
        13        14        15        16        17        18
         8  1.920000000000      0.000000000000      0.000000000000     0 0 1 0 0
         1         0         0         0         0         0         0          
        19        20        21        22        23        24
         9  2.400000000000      0.000000000000      0.000000000000     0 0 1 0 0
         1         0         0         0         0         0         0          
        25        26        27        28        29        30
        10  2.880000000000      0.000000000000      0.000000000000     0 0 1 0 0
         1         0         0         0         0         0         0          
        31        32        33        34        35        36
        11  3.360000000000      0.000000000000      0.000000000000     0 0 1 0 0
         1         0         0         0         0         0         0          
        37        38        39        40        41        42
        12  3.840000000000      0.000000000000      0.000000000000     0 0 1 0 0
         1         0         0         0         0         0         0          
        43        44        45        46        47        48
        13  4.320000000000      0.000000000000      0.000000000000     0 0 1 0 0
         1         0         0         0         0         0         0          
        49        50        51        52        53        54
        14  4.800000000000      0.000000000000      0.000000000000     0 0 1 0 0
         1         0         0         0         0         0         0          
        55        56        57        58        59        60
        15  5.280000000000      0.000000000000      0.000000000000     0 0 1 0 0
         1         0         0         0         0         0         0          
        61        62        63        64        65        66
        16  5.760000000000      0.000000000000      0.000000000000     0 0 1 0 0
         1         0         0         0         0         0         0          
        67        68        69        70        71        72
        17  6.240000000000      0.000000000000      0.000000000000     0 0 1 0 0
         1         0         0         0         0         0         0          
        73        74        75        76        77        78
        18  6.720000000000      0.000000000000      0.000000000000     0 0 1 0 0
         1         0         0         0         0         0         0          
        79        80        81        82        83        84
        19  7.200000000000      0.000000000000      0.000000000000     0 0 1 0 0
         1         0         0         0         0         0         0          
        85        86        87        88        89        90
        20  7.680000000000      0.000000000000      0.000000000000     0 0 1 0 0
         1         0         0         0         0         0         0          
        91        92        93        94        95        96
        21  8.160000000000      0.000000000000      0.000000000000     0 0 1 0 0
         1         0         0         0         0         0         0          
        97        98        99       100       101       102
        22  8.640000000000      0.000000000000      0.000000000000     0 0 1 0 0
         1         0         0         0         0         0         0          
       103       104       105       106       107       108
        23  9.120000000000      0.000000000000      0.000000000000     0 0 1 0 0
         1         0         0         0         0         0         0          
       109       110       111       112       113       114
        24  9.600000000000      0.000000000000      0.000000000000     0 0 1 0 0
         1         0         0         0         0         0         0          
       115       116       117       118       119       120
        25  10.08000000000      0.000000000000      0.000000000000     0 0 1 0 0
         1         0         0         0         0         0         0          
       121       122       123       124       125       126
        26  10.56000000000      0.000000000000      0.000000000000     0 0 1 0 0
         1         0         0         0         0         0         0          
       127       128       129       130       131       132
        27  11.04000000000      0.000000000000      0.000000000000     0 0 1 0 0
         1         0         0         0         0         0         0          
       133       134       135       136       137       138
        28  11.52000000000      0.000000000000      0.000000000000     0 0 1 0 0
         1         0         0         0         0         0         0          
       139       140       141       142       143       144
        29  12.00000000000      0.000000000000      0.000000000000     0 0 1 0 0
       101         0         0         0         0         0         0          
         0         0         0       145       146       147
        30  12.24000000000      0.000000000000      0.000000000000     0 0 1 0 0
         1         0         0         0         0         0         0          
       148       149       150       151       152       153
        31  12.48000000000      0.000000000000      0.000000000000     0 0 1 0 0
         1         0         0         0         0         0         0          
       154       155       156       157       158       159
        32  12.72000000000      0.000000000000      0.000000000000     0 0 1 0 0
         1         0         0         0         0         0         0          
       160       161       162       163       164       165
        33  12.96000000000      0.000000000000      0.000000000000     0 0 1 0 0
         1         0         0         0         0         0         0          
       166       167       168       169       170       171
        34  13.20000000000      0.000000000000      0.000000000000     0 0 1 0 0
         1         0         0         0         0         0         0          
       172       173       174       175       176       177
        35  13.44000000000      0.000000000000      0.000000000000     0 0 1 0 0
         1         0         0         0         0         0         0          
       178       179       180       181       182       183
        36  13.68000000000      0.000000000000      0.000000000000     0 0 1 0 0
         1         0         0         0         0         0         0          
       184       185       186       187       188       189
        37  13.92000000000      0.000000000000      0.000000000000     0 0 1 0 0
         1         0         0         0         0         0         0          
       190       191       192       193       194       195
        38  14.16000000000      0.000000000000      0.000000000000     0 0 1 0 0
         1         0         0         0         0         0         0          
       196       197       198       199       200       201
        39  14.40000000000      0.000000000000      0.000000000000     0 0 1 0 0
         1         0         0         0         0         0         0          
       202       203       204       205       206       207
        40  14.64000000000      0.000000000000      0.000000000000     0 0 1 0 0
         1         0         0         0         0         0         0          
       208       209       210       211       212       213
        41  14.88000000000      0.000000000000      0.000000000000     0 0 1 0 0
         1         0         0         0         0         0         0          
       214       215       216       217       218       219
        42  15.12000000000      0.000000000000      0.000000000000     0 0 1 0 0
         1         0         0         0         0         0         0          
       220       221       222       223       224       225
        43  15.36000000000      0.000000000000      0.000000000000     0 0 1 0 0
         1         0         0         0         0         0         0          
       226       227       228       229       230       231
        44  15.60000000000      0.000000000000      0.000000000000     0 0 1 0 0
         1         0         0         0         0         0         0          
       232       233       234       235       236       237
        45  15.84000000000      0.000000000000      0.000000000000     0 0 1 0 0
         1         0         0         0         0         0         0          
       238       239       240       241       242       243
        46  16.08000000000      0.000000000000      0.000000000000     0 0 1 0 0
         1         0         0         0         0         0         0          
       244       245       246       247       248       249
        47  16.32000000000      0.000000000000      0.000000000000     0 0 1 0 0
         1         0         0         0         0         0         0          
       250       251       252       253       254       255
        48  16.56000000000      0.000000000000      0.000000000000     0 0 1 0 0
         1         0         0         0         0         0         0          
       256       257       258       259       260       261
        49  16.80000000000      0.000000000000      0.000000000000     0 0 1 0 0
         1         0         0         0         0         0         0          
       262       263       264       265       266       267
        50  17.04000000000      0.000000000000      0.000000000000     0 0 1 0 0
         1         0         0         0         0         0         0          
       268       269       270       271       272       273
        51  17.28000000000      0.000000000000      0.000000000000     0 0 1 0 0
         1         0         0         0         0         0         0          
       274       275       276       277       278       279
        52  17.52000000000      0.000000000000      0.000000000000     0 0 1 0 0
         1         0         0         0         0         0         0          
       280       281       282       283       284       285
        53  17.76000000000      0.000000000000      0.000000000000     0 0 1 0 0
         1         0         0         0         0         0         0          
       286       287       288       289       290       291
        54  18.00000000000      0.000000000000      0.000000000000     0 0 1 0 0
         1         0         0         0         0         0         0          
       292       293       294       295       296       297
C***  INITIAL CONDITIONS
    0    0    0    0    0    0    0    0    0    0    0       0.0       0.0
C***  ELEMENT GROUP          1     BEAM
 4    25   0   0   0   0   3   0   5   0   0   0   0   0   1   1   0   0 0     1
   0   0   0   0   0   0   0   0   0   0   0   0   0   0   0   0   0   0   0   0
       0       0       0       0       0       0       0       0       0       0
       0       0       0      -1       0       0       0       0       0       3
       0       0       2       0       0       0       0       1      22      24
       0       0       0       0       0       0       1       0       0       0
  0.000000000000      0.000000000000      0.000000000000      0.000000000000    
 0.1000000000000E-01  0.000000000000      0.000000000000      0.000000000000    
  0.000000000000      0.000000000000      0.000000000000      0.000000000000    
  0.000000000000      0.000000000000      0.000000000000      0.000000000000    
C***  SECTION AND MATERIAL PROPERTIES
         1  0.000000000000    
         1        22        24         0         2         7         0         3
         1         0         0         0         0         0         0         0
         0        23         0         0         0         0
  1.000000000000     0.2032800000000      0.000000000000      0.000000000000    
  1.000000000000      0.000000000000      0.000000000000      0.000000000000    
  0.000000000000      0.000000000000      0.000000000000      0.000000000000    
  0.000000000000      0.000000000000      0.000000000000      0.000000000000    
  0.000000000000      0.000000000000      0.000000000000      0.000000000000    
  0.000000000000      0.000000000000      0.000000000000      0.000000000000    
  210000000000.0     0.3000000000000      0.000000000000    
C***  ELEMENT DATA
         1         4         5         0    1    0    1       0.0    0 0  1 1  0
       0.0       0.0       0.0       0.01.00000000       0.01.00000000       0.0
         2         5         6         0    1    0    1       0.0    0 0  1 1  0
       0.0       0.0       0.0       0.01.00000000       0.01.00000000       0.0
         3         6         7         0    1    0    1       0.0    0 0  1 1  0
       0.0       0.0       0.0       0.01.00000000       0.01.00000000       0.0
         4         7         8         0    1    0    1       0.0    0 0  1 1  0
       0.0       0.0       0.0       0.01.00000000       0.01.00000000       0.0
         5         8         9         0    1    0    1       0.0    0 0  1 1  0
       0.0       0.0       0.0       0.01.00000000       0.01.00000000       0.0
         6         9        10         0    1    0    1       0.0    0 0  1 1  0
       0.0       0.0       0.0       0.01.00000000       0.01.00000000       0.0
         7        10        11         0    1    0    1       0.0    0 0  1 1  0
       0.0       0.0       0.0       0.01.00000000       0.01.00000000       0.0
         8        11        12         0    1    0    1       0.0    0 0  1 1  0
       0.0       0.0       0.0       0.01.00000000       0.01.00000000       0.0
         9        12        13         0    1    0    1       0.0    0 0  1 1  0
       0.0       0.0       0.0       0.01.00000000       0.01.00000000       0.0
        10        13        14         0    1    0    1       0.0    0 0  1 1  0
       0.0       0.0       0.0       0.01.00000000       0.01.00000000       0.0
        11        14        15         0    1    0    1       0.0    0 0  1 1  0
       0.0       0.0       0.0       0.01.00000000       0.01.00000000       0.0
        12        15        16         0    1    0    1       0.0    0 0  1 1  0
       0.0       0.0       0.0       0.01.00000000       0.01.00000000       0.0
        13        16        17         0    1    0    1       0.0    0 0  1 1  0
       0.0       0.0       0.0       0.01.00000000       0.01.00000000       0.0
        14        17        18         0    1    0    1       0.0    0 0  1 1  0
       0.0       0.0       0.0       0.01.00000000       0.01.00000000       0.0
        15        18        19         0    1    0    1       0.0    0 0  1 1  0
       0.0       0.0       0.0       0.01.00000000       0.01.00000000       0.0
        16        19        20         0    1    0    1       0.0    0 0  1 1  0
       0.0       0.0       0.0       0.01.00000000       0.01.00000000       0.0
        17        20        21         0    1    0    1       0.0    0 0  1 1  0
       0.0       0.0       0.0       0.01.00000000       0.01.00000000       0.0
        18        21        22         0    1    0    1       0.0    0 0  1 1  0
       0.0       0.0       0.0       0.01.00000000       0.01.00000000       0.0
        19        22        23         0    1    0    1       0.0    0 0  1 1  0
       0.0       0.0       0.0       0.01.00000000       0.01.00000000       0.0
        20        23        24         0    1    0    1       0.0    0 0  1 1  0
       0.0       0.0       0.0       0.01.00000000       0.01.00000000       0.0
        21        24        25         0    1    0    1       0.0    0 0  1 1  0
       0.0       0.0       0.0       0.01.00000000       0.01.00000000       0.0
        22        25        26         0    1    0    1       0.0    0 0  1 1  0
       0.0       0.0       0.0       0.01.00000000       0.01.00000000       0.0
        23        26        27         0    1    0    1       0.0    0 0  1 1  0
       0.0       0.0       0.0       0.01.00000000       0.01.00000000       0.0
        24        27        28         0    1    0    1       0.0    0 0  1 1  0
       0.0       0.0       0.0       0.01.00000000       0.01.00000000       0.0
        25        28        29         0    1    0    1       0.0    0 0  1 1  0
       0.0       0.0       0.0       0.01.00000000       0.01.00000000       0.0
C***  ELEMENT GROUP          2     BEAM
 4    25   0   0   0   0   3   0   5   0   0   0   0   0   1   1   0   0 0     2
   0   0   0   0   0   0   0   0   0   0   0   0   0   0   0   0   0   0   0   0
       0       0       0       0       0       0       0       0       0       0
       0       0       0      -1       0       0       0       0       0       3
       0       0       2       0       0       0       0       1      22      24
       0       0       0       0       0       0       2       0       0       0
  0.000000000000      0.000000000000      0.000000000000      0.000000000000    
 0.1000000000000E-01  0.000000000000      0.000000000000      0.000000000000    
  0.000000000000      0.000000000000      0.000000000000      0.000000000000    
  0.000000000000      0.000000000000      0.000000000000      0.000000000000    
C***  SECTION AND MATERIAL PROPERTIES
         1  0.000000000000    
         2        22        24         0         2         7         0         3
         1         0         0         0         0         0         0         0
         0        23         0         0         0         0
  2.000000000000     0.2032800000000      0.000000000000      0.000000000000    
  1.000000000000      0.000000000000      0.000000000000      0.000000000000    
  0.000000000000      0.000000000000      0.000000000000      0.000000000000    
  0.000000000000      0.000000000000      0.000000000000      0.000000000000    
  0.000000000000      0.000000000000      0.000000000000      0.000000000000    
  0.000000000000      0.000000000000      0.000000000000      0.000000000000    
  210000000000.0     0.3000000000000      0.000000000000    
C***  ELEMENT DATA
         1        29        30         0    1    0    1       0.0    0 0  1 1  0
       0.0       0.0       0.0       0.01.00000000       0.01.00000000       0.0
         2        30        31         0    1    0    1       0.0    0 0  1 1  0
       0.0       0.0       0.0       0.01.00000000       0.01.00000000       0.0
         3        31        32         0    1    0    1       0.0    0 0  1 1  0
       0.0       0.0       0.0       0.01.00000000       0.01.00000000       0.0
         4        32        33         0    1    0    1       0.0    0 0  1 1  0
       0.0       0.0       0.0       0.01.00000000       0.01.00000000       0.0
         5        33        34         0    1    0    1       0.0    0 0  1 1  0
       0.0       0.0       0.0       0.01.00000000       0.01.00000000       0.0
         6        34        35         0    1    0    1       0.0    0 0  1 1  0
       0.0       0.0       0.0       0.01.00000000       0.01.00000000       0.0
         7        35        36         0    1    0    1       0.0    0 0  1 1  0
       0.0       0.0       0.0       0.01.00000000       0.01.00000000       0.0
         8        36        37         0    1    0    1       0.0    0 0  1 1  0
       0.0       0.0       0.0       0.01.00000000       0.01.00000000       0.0
         9        37        38         0    1    0    1       0.0    0 0  1 1  0
       0.0       0.0       0.0       0.01.00000000       0.01.00000000       0.0
        10        38        39         0    1    0    1       0.0    0 0  1 1  0
       0.0       0.0       0.0       0.01.00000000       0.01.00000000       0.0
        11        39        40         0    1    0    1       0.0    0 0  1 1  0
       0.0       0.0       0.0       0.01.00000000       0.01.00000000       0.0
        12        40        41         0    1    0    1       0.0    0 0  1 1  0
       0.0       0.0       0.0       0.01.00000000       0.01.00000000       0.0
        13        41        42         0    1    0    1       0.0    0 0  1 1  0
       0.0       0.0       0.0       0.01.00000000       0.01.00000000       0.0
        14        42        43         0    1    0    1       0.0    0 0  1 1  0
       0.0       0.0       0.0       0.01.00000000       0.01.00000000       0.0
        15        43        44         0    1    0    1       0.0    0 0  1 1  0
       0.0       0.0       0.0       0.01.00000000       0.01.00000000       0.0
        16        44        45         0    1    0    1       0.0    0 0  1 1  0
       0.0       0.0       0.0       0.01.00000000       0.01.00000000       0.0
        17        45        46         0    1    0    1       0.0    0 0  1 1  0
       0.0       0.0       0.0       0.01.00000000       0.01.00000000       0.0
        18        46        47         0    1    0    1       0.0    0 0  1 1  0
       0.0       0.0       0.0       0.01.00000000       0.01.00000000       0.0
        19        47        48         0    1    0    1       0.0    0 0  1 1  0
       0.0       0.0       0.0       0.01.00000000       0.01.00000000       0.0
        20        48        49         0    1    0    1       0.0    0 0  1 1  0
       0.0       0.0       0.0       0.01.00000000       0.01.00000000       0.0
        21        49        50         0    1    0    1       0.0    0 0  1 1  0
       0.0       0.0       0.0       0.01.00000000       0.01.00000000       0.0
        22        50        51         0    1    0    1       0.0    0 0  1 1  0
       0.0       0.0       0.0       0.01.00000000       0.01.00000000       0.0
        23        51        52         0    1    0    1       0.0    0 0  1 1  0
       0.0       0.0       0.0       0.01.00000000       0.01.00000000       0.0
        24        52        53         0    1    0    1       0.0    0 0  1 1  0
       0.0       0.0       0.0       0.01.00000000       0.01.00000000       0.0
        25        53        54         0    1    0    1       0.0    0 0  1 1  0
       0.0       0.0       0.0       0.01.00000000       0.01.00000000       0.0
C*** CONCENTRATED LOADS
        54    2         1-100000.00       0.0    0         0         0
C*** DISTRIBUTED BEAM LOADS
         1   12-10000.000-10000.000    1       0.0    0    0
         4         5         3         1         1
         1   12-10000.000-10000.000    1       0.0    0    0
         5         6         3         1         2
         1   12-10000.000-10000.000    1       0.0    0    0
         6         7         3         1         3
         1   12-10000.000-10000.000    1       0.0    0    0
         7         8         3         1         4
         1   12-10000.000-10000.000    1       0.0    0    0
         8         9         3         1         5
         1   12-10000.000-10000.000    1       0.0    0    0
         9        10         3         1         6
         1   12-10000.000-10000.000    1       0.0    0    0
        10        11         3         1         7
         1   12-10000.000-10000.000    1       0.0    0    0
        11        12         3         1         8
         1   12-10000.000-10000.000    1       0.0    0    0
        12        13         3         1         9
         1   12-10000.000-10000.000    1       0.0    0    0
        13        14         3         1        10
         1   12-10000.000-10000.000    1       0.0    0    0
        14        15         3         1        11
         1   12-10000.000-10000.000    1       0.0    0    0
        15        16         3         1        12
         1   12-10000.000-10000.000    1       0.0    0    0
        16        17         3         1        13
         1   12-10000.000-10000.000    1       0.0    0    0
        17        18         3         1        14
         1   12-10000.000-10000.000    1       0.0    0    0
        18        19         3         1        15
         1   12-10000.000-10000.000    1       0.0    0    0
        19        20         3         1        16
         1   12-10000.000-10000.000    1       0.0    0    0
        20        21         3         1        17
         1   12-10000.000-10000.000    1       0.0    0    0
        21        22         3         1        18
         1   12-10000.000-10000.000    1       0.0    0    0
        22        23         3         1        19
         1   12-10000.000-10000.000    1       0.0    0    0
        23        24         3         1        20
         1   12-10000.000-10000.000    1       0.0    0    0
        24        25         3         1        21
         1   12-10000.000-10000.000    1       0.0    0    0
        25        26         3         1        22
         1   12-10000.000-10000.000    1       0.0    0    0
        26        27         3         1        23
         1   12-10000.000-10000.000    1       0.0    0    0
        27        28         3         1        24
         1   12-10000.000-10000.000    1       0.0    0    0
        28        29         3         1        25
STOP
