1	1	2	23	22	232	462	252	452	662
2	2	3	24	23	233	472	253	462	663
3	3	4	25	24	234	482	254	472	664
4	4	5	26	25	235	492	255	482	665
5	5	6	27	26	236	502	256	492	666
6	6	7	28	27	237	512	257	502	667
7	7	8	29	28	238	522	258	512	668
8	8	9	30	29	239	532	259	522	669
9	9	10	31	30	240	542	260	532	670
10	10	11	32	31	241	552	261	542	671
11	11	12	33	32	242	562	262	552	672
12	12	13	34	33	243	572	263	562	673
13	13	14	35	34	244	582	264	572	674
14	14	15	36	35	245	592	265	582	675
15	15	16	37	36	246	602	266	592	676
16	16	17	38	37	247	612	267	602	677
17	17	18	39	38	248	622	268	612	678
18	18	19	40	39	249	632	269	622	679
19	19	20	41	40	250	642	270	632	680
20	20	21	42	41	251	652	271	642	681
21	22	23	44	43	252	463	272	453	682
22	23	24	45	44	253	473	273	463	683
23	24	25	46	45	254	483	274	473	684
24	25	26	47	46	255	493	275	483	685
25	26	27	48	47	256	503	276	493	686
26	27	28	49	48	257	513	277	503	687
27	28	29	50	49	258	523	278	513	688
28	29	30	51	50	259	533	279	523	689
29	30	31	52	51	260	543	280	533	690
30	31	32	53	52	261	553	281	543	691
31	32	33	54	53	262	563	282	553	692
32	33	34	55	54	263	573	283	563	693
33	34	35	56	55	264	583	284	573	694
34	35	36	57	56	265	593	285	583	695
35	36	37	58	57	266	603	286	593	696
36	37	38	59	58	267	613	287	603	697
37	38	39	60	59	268	623	288	613	698
38	39	40	61	60	269	633	289	623	699
39	40	41	62	61	270	643	290	633	700
40	41	42	63	62	271	653	291	643	701
41	43	44	65	64	272	464	292	454	702
42	44	45	66	65	273	474	293	464	703
43	45	46	67	66	274	484	294	474	704
44	46	47	68	67	275	494	295	484	705
45	47	48	69	68	276	504	296	494	706
46	48	49	70	69	277	514	297	504	707
47	49	50	71	70	278	524	298	514	708
48	50	51	72	71	279	534	299	524	709
49	51	52	73	72	280	544	300	534	710
50	52	53	74	73	281	554	301	544	711
51	53	54	75	74	282	564	302	554	712
52	54	55	76	75	283	574	303	564	713
53	55	56	77	76	284	584	304	574	714
54	56	57	78	77	285	594	305	584	715
55	57	58	79	78	286	604	306	594	716
56	58	59	80	79	287	614	307	604	717
57	59	60	81	80	288	624	308	614	718
58	60	61	82	81	289	634	309	624	719
59	61	62	83	82	290	644	310	634	720
60	62	63	84	83	291	654	311	644	721
61	64	65	86	85	292	465	312	455	722
62	65	66	87	86	293	475	313	465	723
63	66	67	88	87	294	485	314	475	724
64	67	68	89	88	295	495	315	485	725
65	68	69	90	89	296	505	316	495	726
66	69	70	91	90	297	515	317	505	727
67	70	71	92	91	298	525	318	515	728
68	71	72	93	92	299	535	319	525	729
69	72	73	94	93	300	545	320	535	730
70	73	74	95	94	301	555	321	545	731
71	74	75	96	95	302	565	322	555	732
72	75	76	97	96	303	575	323	565	733
73	76	77	98	97	304	585	324	575	734
74	77	78	99	98	305	595	325	585	735
75	78	79	100	99	306	605	326	595	736
76	79	80	101	100	307	615	327	605	737
77	80	81	102	101	308	625	328	615	738
78	81	82	103	102	309	635	329	625	739
79	82	83	104	103	310	645	330	635	740
80	83	84	105	104	311	655	331	645	741
81	85	86	107	106	312	466	332	456	742
82	86	87	108	107	313	476	333	466	743
83	87	88	109	108	314	486	334	476	744
84	88	89	110	109	315	496	335	486	745
85	89	90	111	110	316	506	336	496	746
86	90	91	112	111	317	516	337	506	747
87	91	92	113	112	318	526	338	516	748
88	92	93	114	113	319	536	339	526	749
89	93	94	115	114	320	546	340	536	750
90	94	95	116	115	321	556	341	546	751
91	95	96	117	116	322	566	342	556	752
92	96	97	118	117	323	576	343	566	753
93	97	98	119	118	324	586	344	576	754
94	98	99	120	119	325	596	345	586	755
95	99	100	121	120	326	606	346	596	756
96	100	101	122	121	327	616	347	606	757
97	101	102	123	122	328	626	348	616	758
98	102	103	124	123	329	636	349	626	759
99	103	104	125	124	330	646	350	636	760
100	104	105	126	125	331	656	351	646	761
101	106	107	128	127	332	467	352	457	762
102	107	108	129	128	333	477	353	467	763
103	108	109	130	129	334	487	354	477	764
104	109	110	131	130	335	497	355	487	765
105	110	111	132	131	336	507	356	497	766
106	111	112	133	132	337	517	357	507	767
107	112	113	134	133	338	527	358	517	768
108	113	114	135	134	339	537	359	527	769
109	114	115	136	135	340	547	360	537	770
110	115	116	137	136	341	557	361	547	771
111	116	117	138	137	342	567	362	557	772
112	117	118	139	138	343	577	363	567	773
113	118	119	140	139	344	587	364	577	774
114	119	120	141	140	345	597	365	587	775
115	120	121	142	141	346	607	366	597	776
116	121	122	143	142	347	617	367	607	777
117	122	123	144	143	348	627	368	617	778
118	123	124	145	144	349	637	369	627	779
119	124	125	146	145	350	647	370	637	780
120	125	126	147	146	351	657	371	647	781
121	127	128	149	148	352	468	372	458	782
122	128	129	150	149	353	478	373	468	783
123	129	130	151	150	354	488	374	478	784
124	130	131	152	151	355	498	375	488	785
125	131	132	153	152	356	508	376	498	786
126	132	133	154	153	357	518	377	508	787
127	133	134	155	154	358	528	378	518	788
128	134	135	156	155	359	538	379	528	789
129	135	136	157	156	360	548	380	538	790
130	136	137	158	157	361	558	381	548	791
131	137	138	159	158	362	568	382	558	792
132	138	139	160	159	363	578	383	568	793
133	139	140	161	160	364	588	384	578	794
134	140	141	162	161	365	598	385	588	795
135	141	142	163	162	366	608	386	598	796
136	142	143	164	163	367	618	387	608	797
137	143	144	165	164	368	628	388	618	798
138	144	145	166	165	369	638	389	628	799
139	145	146	167	166	370	648	390	638	800
140	146	147	168	167	371	658	391	648	801
141	148	149	170	169	372	469	392	459	802
142	149	150	171	170	373	479	393	469	803
143	150	151	172	171	374	489	394	479	804
144	151	152	173	172	375	499	395	489	805
145	152	153	174	173	376	509	396	499	806
146	153	154	175	174	377	519	397	509	807
147	154	155	176	175	378	529	398	519	808
148	155	156	177	176	379	539	399	529	809
149	156	157	178	177	380	549	400	539	810
150	157	158	179	178	381	559	401	549	811
151	158	159	180	179	382	569	402	559	812
152	159	160	181	180	383	579	403	569	813
153	160	161	182	181	384	589	404	579	814
154	161	162	183	182	385	599	405	589	815
155	162	163	184	183	386	609	406	599	816
156	163	164	185	184	387	619	407	609	817
157	164	165	186	185	388	629	408	619	818
158	165	166	187	186	389	639	409	629	819
159	166	167	188	187	390	649	410	639	820
160	167	168	189	188	391	659	411	649	821
161	169	170	191	190	392	470	412	460	822
162	170	171	192	191	393	480	413	470	823
163	171	172	193	192	394	490	414	480	824
164	172	173	194	193	395	500	415	490	825
165	173	174	195	194	396	510	416	500	826
166	174	175	196	195	397	520	417	510	827
167	175	176	197	196	398	530	418	520	828
168	176	177	198	197	399	540	419	530	829
169	177	178	199	198	400	550	420	540	830
170	178	179	200	199	401	560	421	550	831
171	179	180	201	200	402	570	422	560	832
172	180	181	202	201	403	580	423	570	833
173	181	182	203	202	404	590	424	580	834
174	182	183	204	203	405	600	425	590	835
175	183	184	205	204	406	610	426	600	836
176	184	185	206	205	407	620	427	610	837
177	185	186	207	206	408	630	428	620	838
178	186	187	208	207	409	640	429	630	839
179	187	188	209	208	410	650	430	640	840
180	188	189	210	209	411	660	431	650	841
181	190	191	212	211	412	471	432	461	842
182	191	192	213	212	413	481	433	471	843
183	192	193	214	213	414	491	434	481	844
184	193	194	215	214	415	501	435	491	845
185	194	195	216	215	416	511	436	501	846
186	195	196	217	216	417	521	437	511	847
187	196	197	218	217	418	531	438	521	848
188	197	198	219	218	419	541	439	531	849
189	198	199	220	219	420	551	440	541	850
190	199	200	221	220	421	561	441	551	851
191	200	201	222	221	422	571	442	561	852
192	201	202	223	222	423	581	443	571	853
193	202	203	224	223	424	591	444	581	854
194	203	204	225	224	425	601	445	591	855
195	204	205	226	225	426	611	446	601	856
196	205	206	227	226	427	621	447	611	857
197	206	207	228	227	428	631	448	621	858
198	207	208	229	228	429	641	449	631	859
199	208	209	230	229	430	651	450	641	860
200	209	210	231	230	431	661	451	651	861
201	211	212	863	862	432	1282	1072	1272	1482
202	212	213	864	863	433	1292	1073	1282	1483
203	213	214	865	864	434	1302	1074	1292	1484
204	214	215	866	865	435	1312	1075	1302	1485
205	215	216	867	866	436	1322	1076	1312	1486
206	216	217	868	867	437	1332	1077	1322	1487
207	217	218	869	868	438	1342	1078	1332	1488
208	218	219	870	869	439	1352	1079	1342	1489
209	219	220	871	870	440	1362	1080	1352	1490
210	220	221	872	871	441	1372	1081	1362	1491
211	221	222	873	872	442	1382	1082	1372	1492
212	222	223	874	873	443	1392	1083	1382	1493
213	223	224	875	874	444	1402	1084	1392	1494
214	224	225	876	875	445	1412	1085	1402	1495
215	225	226	877	876	446	1422	1086	1412	1496
216	226	227	878	877	447	1432	1087	1422	1497
217	227	228	879	878	448	1442	1088	1432	1498
218	228	229	880	879	449	1452	1089	1442	1499
219	229	230	881	880	450	1462	1090	1452	1500
220	230	231	882	881	451	1472	1091	1462	1501
221	862	863	884	883	1072	1283	1092	1273	1502
222	863	864	885	884	1073	1293	1093	1283	1503
223	864	865	886	885	1074	1303	1094	1293	1504
224	865	866	887	886	1075	1313	1095	1303	1505
225	866	867	888	887	1076	1323	1096	1313	1506
226	867	868	889	888	1077	1333	1097	1323	1507
227	868	869	890	889	1078	1343	1098	1333	1508
228	869	870	891	890	1079	1353	1099	1343	1509
229	870	871	892	891	1080	1363	1100	1353	1510
230	871	872	893	892	1081	1373	1101	1363	1511
231	872	873	894	893	1082	1383	1102	1373	1512
232	873	874	895	894	1083	1393	1103	1383	1513
233	874	875	896	895	1084	1403	1104	1393	1514
234	875	876	897	896	1085	1413	1105	1403	1515
235	876	877	898	897	1086	1423	1106	1413	1516
236	877	878	899	898	1087	1433	1107	1423	1517
237	878	879	900	899	1088	1443	1108	1433	1518
238	879	880	901	900	1089	1453	1109	1443	1519
239	880	881	902	901	1090	1463	1110	1453	1520
240	881	882	903	902	1091	1473	1111	1463	1521
241	883	884	905	904	1092	1284	1112	1274	1522
242	884	885	906	905	1093	1294	1113	1284	1523
243	885	886	907	906	1094	1304	1114	1294	1524
244	886	887	908	907	1095	1314	1115	1304	1525
245	887	888	909	908	1096	1324	1116	1314	1526
246	888	889	910	909	1097	1334	1117	1324	1527
247	889	890	911	910	1098	1344	1118	1334	1528
248	890	891	912	911	1099	1354	1119	1344	1529
249	891	892	913	912	1100	1364	1120	1354	1530
250	892	893	914	913	1101	1374	1121	1364	1531
251	893	894	915	914	1102	1384	1122	1374	1532
252	894	895	916	915	1103	1394	1123	1384	1533
253	895	896	917	916	1104	1404	1124	1394	1534
254	896	897	918	917	1105	1414	1125	1404	1535
255	897	898	919	918	1106	1424	1126	1414	1536
256	898	899	920	919	1107	1434	1127	1424	1537
257	899	900	921	920	1108	1444	1128	1434	1538
258	900	901	922	921	1109	1454	1129	1444	1539
259	901	902	923	922	1110	1464	1130	1454	1540
260	902	903	924	923	1111	1474	1131	1464	1541
261	904	905	926	925	1112	1285	1132	1275	1542
262	905	906	927	926	1113	1295	1133	1285	1543
263	906	907	928	927	1114	1305	1134	1295	1544
264	907	908	929	928	1115	1315	1135	1305	1545
265	908	909	930	929	1116	1325	1136	1315	1546
266	909	910	931	930	1117	1335	1137	1325	1547
267	910	911	932	931	1118	1345	1138	1335	1548
268	911	912	933	932	1119	1355	1139	1345	1549
269	912	913	934	933	1120	1365	1140	1355	1550
270	913	914	935	934	1121	1375	1141	1365	1551
271	914	915	936	935	1122	1385	1142	1375	1552
272	915	916	937	936	1123	1395	1143	1385	1553
273	916	917	938	937	1124	1405	1144	1395	1554
274	917	918	939	938	1125	1415	1145	1405	1555
275	918	919	940	939	1126	1425	1146	1415	1556
276	919	920	941	940	1127	1435	1147	1425	1557
277	920	921	942	941	1128	1445	1148	1435	1558
278	921	922	943	942	1129	1455	1149	1445	1559
279	922	923	944	943	1130	1465	1150	1455	1560
280	923	924	945	944	1131	1475	1151	1465	1561
281	925	926	947	946	1132	1286	1152	1276	1562
282	926	927	948	947	1133	1296	1153	1286	1563
283	927	928	949	948	1134	1306	1154	1296	1564
284	928	929	950	949	1135	1316	1155	1306	1565
285	929	930	951	950	1136	1326	1156	1316	1566
286	930	931	952	951	1137	1336	1157	1326	1567
287	931	932	953	952	1138	1346	1158	1336	1568
288	932	933	954	953	1139	1356	1159	1346	1569
289	933	934	955	954	1140	1366	1160	1356	1570
290	934	935	956	955	1141	1376	1161	1366	1571
291	935	936	957	956	1142	1386	1162	1376	1572
292	936	937	958	957	1143	1396	1163	1386	1573
293	937	938	959	958	1144	1406	1164	1396	1574
294	938	939	960	959	1145	1416	1165	1406	1575
295	939	940	961	960	1146	1426	1166	1416	1576
296	940	941	962	961	1147	1436	1167	1426	1577
297	941	942	963	962	1148	1446	1168	1436	1578
298	942	943	964	963	1149	1456	1169	1446	1579
299	943	944	965	964	1150	1466	1170	1456	1580
300	944	945	966	965	1151	1476	1171	1466	1581
301	946	947	968	967	1152	1287	1172	1277	1582
302	947	948	969	968	1153	1297	1173	1287	1583
303	948	949	970	969	1154	1307	1174	1297	1584
304	949	950	971	970	1155	1317	1175	1307	1585
305	950	951	972	971	1156	1327	1176	1317	1586
306	951	952	973	972	1157	1337	1177	1327	1587
307	952	953	974	973	1158	1347	1178	1337	1588
308	953	954	975	974	1159	1357	1179	1347	1589
309	954	955	976	975	1160	1367	1180	1357	1590
310	955	956	977	976	1161	1377	1181	1367	1591
311	956	957	978	977	1162	1387	1182	1377	1592
312	957	958	979	978	1163	1397	1183	1387	1593
313	958	959	980	979	1164	1407	1184	1397	1594
314	959	960	981	980	1165	1417	1185	1407	1595
315	960	961	982	981	1166	1427	1186	1417	1596
316	961	962	983	982	1167	1437	1187	1427	1597
317	962	963	984	983	1168	1447	1188	1437	1598
318	963	964	985	984	1169	1457	1189	1447	1599
319	964	965	986	985	1170	1467	1190	1457	1600
320	965	966	987	986	1171	1477	1191	1467	1601
321	967	968	989	988	1172	1288	1192	1278	1602
322	968	969	990	989	1173	1298	1193	1288	1603
323	969	970	991	990	1174	1308	1194	1298	1604
324	970	971	992	991	1175	1318	1195	1308	1605
325	971	972	993	992	1176	1328	1196	1318	1606
326	972	973	994	993	1177	1338	1197	1328	1607
327	973	974	995	994	1178	1348	1198	1338	1608
328	974	975	996	995	1179	1358	1199	1348	1609
329	975	976	997	996	1180	1368	1200	1358	1610
330	976	977	998	997	1181	1378	1201	1368	1611
331	977	978	999	998	1182	1388	1202	1378	1612
332	978	979	1000	999	1183	1398	1203	1388	1613
333	979	980	1001	1000	1184	1408	1204	1398	1614
334	980	981	1002	1001	1185	1418	1205	1408	1615
335	981	982	1003	1002	1186	1428	1206	1418	1616
336	982	983	1004	1003	1187	1438	1207	1428	1617
337	983	984	1005	1004	1188	1448	1208	1438	1618
338	984	985	1006	1005	1189	1458	1209	1448	1619
339	985	986	1007	1006	1190	1468	1210	1458	1620
340	986	987	1008	1007	1191	1478	1211	1468	1621
341	988	989	1010	1009	1192	1289	1212	1279	1622
342	989	990	1011	1010	1193	1299	1213	1289	1623
343	990	991	1012	1011	1194	1309	1214	1299	1624
344	991	992	1013	1012	1195	1319	1215	1309	1625
345	992	993	1014	1013	1196	1329	1216	1319	1626
346	993	994	1015	1014	1197	1339	1217	1329	1627
347	994	995	1016	1015	1198	1349	1218	1339	1628
348	995	996	1017	1016	1199	1359	1219	1349	1629
349	996	997	1018	1017	1200	1369	1220	1359	1630
350	997	998	1019	1018	1201	1379	1221	1369	1631
351	998	999	1020	1019	1202	1389	1222	1379	1632
352	999	1000	1021	1020	1203	1399	1223	1389	1633
353	1000	1001	1022	1021	1204	1409	1224	1399	1634
354	1001	1002	1023	1022	1205	1419	1225	1409	1635
355	1002	1003	1024	1023	1206	1429	1226	1419	1636
356	1003	1004	1025	1024	1207	1439	1227	1429	1637
357	1004	1005	1026	1025	1208	1449	1228	1439	1638
358	1005	1006	1027	1026	1209	1459	1229	1449	1639
359	1006	1007	1028	1027	1210	1469	1230	1459	1640
360	1007	1008	1029	1028	1211	1479	1231	1469	1641
361	1009	1010	1031	1030	1212	1290	1232	1280	1642
362	1010	1011	1032	1031	1213	1300	1233	1290	1643
363	1011	1012	1033	1032	1214	1310	1234	1300	1644
364	1012	1013	1034	1033	1215	1320	1235	1310	1645
365	1013	1014	1035	1034	1216	1330	1236	1320	1646
366	1014	1015	1036	1035	1217	1340	1237	1330	1647
367	1015	1016	1037	1036	1218	1350	1238	1340	1648
368	1016	1017	1038	1037	1219	1360	1239	1350	1649
369	1017	1018	1039	1038	1220	1370	1240	1360	1650
370	1018	1019	1040	1039	1221	1380	1241	1370	1651
371	1019	1020	1041	1040	1222	1390	1242	1380	1652
372	1020	1021	1042	1041	1223	1400	1243	1390	1653
373	1021	1022	1043	1042	1224	1410	1244	1400	1654
374	1022	1023	1044	1043	1225	1420	1245	1410	1655
375	1023	1024	1045	1044	1226	1430	1246	1420	1656
376	1024	1025	1046	1045	1227	1440	1247	1430	1657
377	1025	1026	1047	1046	1228	1450	1248	1440	1658
378	1026	1027	1048	1047	1229	1460	1249	1450	1659
379	1027	1028	1049	1048	1230	1470	1250	1460	1660
380	1028	1029	1050	1049	1231	1480	1251	1470	1661
381	1030	1031	1052	1051	1232	1291	1252	1281	1662
382	1031	1032	1053	1052	1233	1301	1253	1291	1663
383	1032	1033	1054	1053	1234	1311	1254	1301	1664
384	1033	1034	1055	1054	1235	1321	1255	1311	1665
385	1034	1035	1056	1055	1236	1331	1256	1321	1666
386	1035	1036	1057	1056	1237	1341	1257	1331	1667
387	1036	1037	1058	1057	1238	1351	1258	1341	1668
388	1037	1038	1059	1058	1239	1361	1259	1351	1669
389	1038	1039	1060	1059	1240	1371	1260	1361	1670
390	1039	1040	1061	1060	1241	1381	1261	1371	1671
391	1040	1041	1062	1061	1242	1391	1262	1381	1672
392	1041	1042	1063	1062	1243	1401	1263	1391	1673
393	1042	1043	1064	1063	1244	1411	1264	1401	1674
394	1043	1044	1065	1064	1245	1421	1265	1411	1675
395	1044	1045	1066	1065	1246	1431	1266	1421	1676
396	1045	1046	1067	1066	1247	1441	1267	1431	1677
397	1046	1047	1068	1067	1248	1451	1268	1441	1678
398	1047	1048	1069	1068	1249	1461	1269	1451	1679
399	1048	1049	1070	1069	1250	1471	1270	1461	1680
400	1049	1050	1071	1070	1251	1481	1271	1471	1681
