1	0.25	0.0	0.0	0
2	0.2692300176	0.0	0.0	0
3	0.289718019969	0.0	0.0	0
4	0.31154630166	0.0	0.0	0
5	0.334802540749	0.0	0.0	0
6	0.359580151018	0.0	0.0	0
7	0.385978657168	0.0	0.0	0
8	0.414104094586	0.0	0.0	0
9	0.444069435256	0.0	0.0	0
10	0.475995041534	0.0	0.0	0
11	0.510009149617	0.0	0.0	0
12	0.546248384623	0.0	0.0	0
13	0.584858309383	0.0	0.0	0
14	0.625994009122	0.0	0.0	0
15	0.669820714392	0.0	0.0	0
16	0.716514464762	0.0	0.0	0
17	0.766262815913	0.0	0.0	0
18	0.819265593001	0.0	0.0	0
19	0.875735693296	0.0	0.0	0
20	0.935899941333	0.0	0.0	0
21	1.0	0.0	0.0	0
22	0.249482561497	0.016076427113	0.0	0
23	0.268725846233	0.018228229491	0.0	0
24	0.289227983644	0.020520797971	0.0	0
25	0.311071325059	0.022963341157	0.0	0
26	0.334343609046	0.025565670059	0.0	0
27	0.359138313834	0.0283382375	0.0	0
28	0.385555032789	0.031292180107	0.0	0
29	0.413699874453	0.034439363037	0.0	0
30	0.44368588875	0.037792427639	0.0	0
31	0.475633521079	0.041364842233	0.0	0
32	0.509671096107	0.045170956205	0.0	0
33	0.545935333214	0.049226057645	0.0	0
34	0.584571895657	0.053546434759	0.0	0
35	0.625735975655	0.058149441286	0.0	0
36	0.669592917759	0.063053566211	0.0	0
37	0.716318882987	0.068278508028	0.0	0
38	0.766101556421	0.07384525386	0.0	0
39	0.819140901079	0.079776163761	0.0	0
40	0.875649961114	0.086095060532	0.0	0
41	0.935855717549	0.092827325406	0.0	0
42	1.0	0.1	0.0	0
43	0.24793238793	0.032086305726	0.0	0
44	0.267215419152	0.036391616788	0.0	0
45	0.287759903176	0.040978571676	0.0	0
46	0.309648361425	0.0458655949	0.0	0
47	0.332968713688	0.051072316261	0.0	0
48	0.357814631272	0.056619649695	0.0	0
49	0.384285913249	0.062529877283	0.0	0
50	0.412488887326	0.068826738749	0.0	0
51	0.442536836928	0.075535526819	0.0	0
52	0.474550456232	0.082683188808	0.0	0
53	0.508658334955	0.090298434869	0.0	0
54	0.544997474868	0.098411853306	0.0	0
55	0.583713840089	0.107056033442	0.0	0
56	0.624962943387	0.116265696521	0.0	0
57	0.668910470824	0.126077835175	0.0	0
58	0.715732947276	0.136531862007	0.0	0
59	0.765618445482	0.147669767908	0.0	0
60	0.818767341479	0.159536290718	0.0	0
61	0.875393119456	0.172179094927	0.0	0
62	0.93572322926	0.185648963128	0.0	0
63	1.0	0.2	0.0	0
64	0.245355896255	0.04796336282	0.0	0
65	0.264704988784	0.054425588112	0.0	0
66	0.285319855698	0.061310557738	0.0	0
67	0.307283301128	0.068645926688	0.0	0
68	0.330683546066	0.076461159079	0.0	0
69	0.355614582725	0.084787646505	0.0	0
70	0.382176552078	0.093658834128	0.0	0
71	0.410476146095	0.103110355016	0.0	0
72	0.440627036299	0.113180173275	0.0	0
73	0.472750330347	0.123908736537	0.0	0
74	0.506975058492	0.135339138427	0.0	0
75	0.543438691855	0.14751729166	0.0	0
76	0.582287694609	0.160492112458	0.0	0
77	0.623678112291	0.174315717032	0.0	0
78	0.667776198583	0.189043630918	0.0	0
79	0.714759083114	0.204735012012	0.0	0
80	0.764815482937	0.221452888185	0.0	0
81	0.818146460552	0.23926441045	0.0	0
82	0.87496623152	0.258241122689	0.0	0
83	0.935503024903	0.278459249027	0.0	0
84	1.0	0.3	0.0	0
85	0.241763751879	0.063641875188	0.0	0
86	0.261204947074	0.072266105402	0.0	0
87	0.281917941805	0.081454513479	0.0	0
88	0.303985934354	0.091244006676	0.0	0
89	0.32749756565	0.101673906636	0.0	0
90	0.352547275314	0.112786107339	0.0	0
91	0.379235680993	0.124625243374	0.0	0
92	0.407669982519	0.137238869227	0.0	0
93	0.437964392496	0.15067765029	0.0	0
94	0.470240595061	0.164995566371	0.0	0
95	0.504628234655	0.18025012852	0.0	0
96	0.54126543677	0.196502610029	0.0	0
97	0.580299362757	0.213818292551	0.0	0
98	0.621886800935	0.23226672832	0.0	0
99	0.666194796364	0.251922019522	0.0	0
100	0.713401321819	0.272863115941	0.0	0
101	0.763695992655	0.295174132082	0.0	0
102	0.817280828441	0.31894468503	0.0	0
103	0.874371064413	0.344270254421	0.0	0
104	0.935196016016	0.371252565955	0.0	0
105	1.0	0.4	0.0	0
106	0.237170824513	0.079056941504	0.0	0
107	0.256729782473	0.089849931402	0.0	0
108	0.277568243746	0.101348974575	0.0	0
109	0.299769910579	0.113600259451	0.0	0
110	0.323423960831	0.126652995999	0.0	0
111	0.34862540618	0.140559613397	0.0	0
112	0.375475473755	0.155375970622	0.0	0
113	0.404082012736	0.17116158082	0.0	0
114	0.434559927557	0.187979850354	0.0	0
115	0.467031639443	0.205898333489	0.0	0
116	0.501627578141	0.22498900374	0.0	0
117	0.538486705821	0.245328542968	0.0	0
118	0.577757075248	0.26699864939	0.0	0
119	0.619596424468	0.290086365738	0.0	0
120	0.664172810396	0.314684428886	0.0	0
121	0.711665283856	0.340891642343	0.0	0
122	0.762264608776	0.368813273128	0.0	0
123	0.816174028435	0.39856147459	0.0	0
124	0.873610081833	0.430255736899	0.0	0
125	0.934803473465	0.464023367007	0.0	0
126	1.0	0.5	0.0	0
127	0.231596126616	0.094144750977	0.0	0
128	0.251298019962	0.107114891432	0.0	0
129	0.272288767133	0.120933509486	0.0	0
130	0.294652682067	0.135656110647	0.0	0
131	0.318479594328	0.151341831468	0.0	0
132	0.343865209933	0.168053677085	0.0	0
133	0.37091149577	0.185858774288	0.0	0
134	0.399727089174	0.204828641154	0.0	0
135	0.430427734291	0.225039474309	0.0	0
136	0.46313674699	0.246572454994	0.0	0
137	0.49798551019	0.269514075147	0.0	0
138	0.535114001587	0.293956484812	0.0	0
139	0.574671355902	0.319997862284	0.0	0
140	0.61681646392	0.347742808464	0.0	0
141	0.661718610704	0.377302767009	0.0	0
142	0.709558155566	0.40879647197	0.0	0
143	0.760527256525	0.442350424717	0.0	0
144	0.814830642144	0.478099402054	0.0	0
145	0.872686433874	0.516186997583	0.0	0
146	0.934327022182	0.556766198481	0.0	0
147	1.0	0.6	0.0	0
148	0.225062734696	0.108842847497	0.0	0
149	0.244932144363	0.12400013076	0.0	0
150	0.2661013664	0.140148969615	0.0	0
151	0.288655431626	0.157354229412	0.0	0
152	0.312684933387	0.175685018849	0.0	0
153	0.338286391444	0.195214967559	0.0	0
154	0.365562639663	0.216022521861	0.0	0
155	0.394623239074	0.238191259857	0.0	0
156	0.425584917944	0.261810227142	0.0	0
157	0.458572040641	0.286974294475	0.0	0
158	0.493717107173	0.313784538846	0.0	0
159	0.531161285403	0.34234864948	0.0	0
160	0.571054978079	0.372781360386	0.0	0
161	0.613558426962	0.405204911218	0.0	0
162	0.658842356468	0.439749538273	0.0	0
163	0.707088659426	0.476553997617	0.0	0
164	0.758491127685	0.515766122428	0.0	0
165	0.813256230525	0.557543416799	0.0	0
166	0.871603943984	0.602053688388	0.0	0
167	0.933768634441	0.649475722458	0.0	0
168	1.0	0.7	0.0	0
169	0.21759769378	0.123090388177	0.0	0
170	0.237658507272	0.140446366509	0.0	0
171	0.259031654343	0.15893773415	0.0	0
172	0.281802984924	0.178638765732	0.0	0
173	0.306063965054	0.199628594764	0.0	0
174	0.331912044276	0.221991531496	0.0	0
175	0.359451047067	0.245817401564	0.0	0
176	0.388791589866	0.271201906797	0.0	0
177	0.420051525394	0.298247009625	0.0	0
178	0.453356416034	0.327061342629	0.0	0
179	0.488840038178	0.357760644894	0.0	0
180	0.526644919571	0.390468226895	0.0	0
181	0.566922911804	0.425315465804	0.0	0
182	0.609835800262	0.462442333193	0.0	0
183	0.655555953966	0.501997957263	0.0	0
184	0.704267017933	0.544141221846	0.0	0
185	0.756164650828	0.589041404601	0.0	0
186	0.811457310867	0.636878856953	0.0	0
187	0.870367093139	0.687845728514	0.0	0
188	0.933130621694	0.742146738893	0.0	0
189	1.0	0.8	0.0	0
190	0.209231905465	0.136828395208	0.0	0
191	0.229507217966	0.156396133064	0.0	0
192	0.251108896092	0.177243948594	0.0	0
193	0.274123707718	0.199455581617	0.0	0
194	0.298644096878	0.223120250027	0.0	0
195	0.324768555091	0.248333008149	0.0	0
196	0.352602016967	0.275195128553	0.0	0
197	0.382256281707	0.303814508833	0.0	0
198	0.413850462165	0.334306105002	0.0	0
199	0.44751146329	0.366792393238	0.0	0
200	0.483374491871	0.40140386184	0.0	0
201	0.521583599622	0.438279535355	0.0	0
202	0.562292261799	0.477567533008	0.0	0
203	0.605663993665	0.519425663653	0.0	0
204	0.651873007287	0.564022059645	0.0	0
205	0.701104911295	0.611535852183	0.0	0
206	0.753557456423	0.662157890828	0.0	0
207	0.809441329814	0.716091510092	0.0	0
208	0.868981001292	0.773553346179	0.0	0
209	0.932415624998	0.834774207147	0.0	0
210	1.0	0.9	0.0	0
211	0.2	0.15	0.0	0
212	0.220512018773	0.171794019947	0.0	0
213	0.242365887967	0.195013755965	0.0	0
214	0.265649388437	0.219752475215	0.0	0
215	0.290456043465	0.246109546182	0.0	0
216	0.316885494419	0.27419083782	0.0	0
217	0.345043900979	0.304109144791	0.0	0
218	0.375044367559	0.335984640531	0.0	0
219	0.407007397606	0.369945359956	0.0	0
220	0.441061377636	0.406127713739	0.0	0
221	0.477343092924	0.444677036232	0.0	0
222	0.515998276931	0.485748169239	0.0	0
223	0.557182196675	0.529506083967	0.0	0
224	0.601060276396	0.576126543671	0.0	0
225	0.647808762018	0.625796809644	0.0	0
226	0.697615429079	0.678716393397	0.0	0
227	0.750680336974	0.735097858035	0.0	0
228	0.807216632534	0.795167672067	0.0	0
229	0.867451406182	0.859167119069	0.0	0
230	0.931626604089	0.927353266844	0.0	0
231	1.0	1.0	0.0	0
232	0.2596150088	0.0	0.0	0
233	0.279474018785	0.0	0.0	0
234	0.300632160815	0.0	0.0	0
235	0.323174421204	0.0	0.0	0
236	0.347191345883	0.0	0.0	0
237	0.372779404093	0.0	0.0	0
238	0.400041375877	0.0	0.0	0
239	0.429086764921	0.0	0.0	0
240	0.460032238395	0.0	0.0	0
241	0.493002095575	0.0	0.0	0
242	0.52812876712	0.0	0.0	0
243	0.565553347003	0.0	0.0	0
244	0.605426159252	0.0	0.0	0
245	0.647907361757	0.0	0.0	0
246	0.693167589577	0.0	0.0	0
247	0.741388640337	0.0	0.0	0
248	0.792764204457	0.0	0.0	0
249	0.847500643148	0.0	0.0	0
250	0.905817817315	0.0	0.0	0
251	0.967949970667	0.0	0.0	0
252	0.259104203865	0.017152328302	0.0	0
253	0.278976914938	0.019374513731	0.0	0
254	0.300149654351	0.021742069564	0.0	0
255	0.322707467052	0.024264505608	0.0	0
256	0.34674096144	0.02695195378	0.0	0
257	0.372346673312	0.029815208804	0.0	0
258	0.399627453621	0.032865771572	0.0	0
259	0.428692881602	0.036115895338	0.0	0
260	0.459659704915	0.039578634936	0.0	0
261	0.492652308593	0.043267899219	0.0	0
262	0.527803214661	0.047198506925	0.0	0
263	0.565253614436	0.051386246202	0.0	0
264	0.605153935656	0.055847938022	0.0	0
265	0.647664446707	0.060601503748	0.0	0
266	0.692955900373	0.06566603712	0.0	0
267	0.741210219704	0.071061880944	0.0	0
268	0.79262122875	0.07681070881	0.0	0
269	0.847395431097	0.082935612147	0.0	0
270	0.905752839331	0.089461192969	0.0	0
271	0.967927858774	0.096413662703	0.0	0
272	0.257573903541	0.034238961257	0.0	0
273	0.277487661164	0.038685094232	0.0	0
274	0.298704132301	0.043422083288	0.0	0
275	0.321308537557	0.048468955581	0.0	0
276	0.34539167248	0.053845982978	0.0	0
277	0.37105027226	0.059574763489	0.0	0
278	0.398387400287	0.065678308016	0.0	0
279	0.427512862127	0.072181132784	0.0	0
280	0.45854364658	0.079109357813	0.0	0
281	0.491604395593	0.086490811839	0.0	0
282	0.526827904911	0.094355144087	0.0	0
283	0.564355657479	0.102733943374	0.0	0
284	0.604338391738	0.111660864982	0.0	0
285	0.646936707106	0.121171765848	0.0	0
286	0.69232170905	0.131304848591	0.0	0
287	0.740675696379	0.142100814957	0.0	0
288	0.792192893481	0.153603029313	0.0	0
289	0.847080230467	0.165857692822	0.0	0
290	0.905558174358	0.178914029027	0.0	0
291	0.96786161463	0.192824481564	0.0	0
292	0.255030442519	0.051194475466	0.0	0
293	0.275012422241	0.057868072925	0.0	0
294	0.296301578413	0.064978242213	0.0	0
295	0.318983423597	0.072553542884	0.0	0
296	0.343149064396	0.080624402792	0.0	0
297	0.368895567402	0.089223240317	0.0	0
298	0.396326349086	0.098384594572	0.0	0
299	0.425551591197	0.108145264145	0.0	0
300	0.456688683323	0.118544454906	0.0	0
301	0.48986269442	0.129623937482	0.0	0
302	0.525206875173	0.141428215044	0.0	0
303	0.562863193232	0.154004702059	0.0	0
304	0.60298290345	0.167403914745	0.0	0
305	0.645727155437	0.181679673975	0.0	0
306	0.691267640848	0.196889321465	0.0	0
307	0.739787283025	0.213093950099	0.0	0
308	0.791480971744	0.230358649317	0.0	0
309	0.846556346036	0.248752766569	0.0	0
310	0.905234628211	0.268350185858	0.0	0
311	0.967751512452	0.289229624514	0.0	0
312	0.251484349476	0.067953990295	0.0	0
313	0.271561444439	0.076860309441	0.0	0
314	0.292951938079	0.086349260077	0.0	0
315	0.315741750002	0.096458956656	0.0	0
316	0.340022420482	0.107230006987	0.0	0
317	0.365891478153	0.118705675357	0.0	0
318	0.393452831756	0.130932056301	0.0	0
319	0.422817187508	0.143958259758	0.0	0
320	0.454102493779	0.15783660833	0.0	0
321	0.487434414858	0.172622847446	0.0	0
322	0.522946835713	0.188376369275	0.0	0
323	0.560782399764	0.20516045129	0.0	0
324	0.601093081846	0.223042510435	0.0	0
325	0.64404079865	0.242094373921	0.0	0
326	0.689798059092	0.262392567732	0.0	0
327	0.738548657237	0.284018624012	0.0	0
328	0.790488410548	0.307059408556	0.0	0
329	0.845825946427	0.331607469726	0.0	0
330	0.904783540214	0.357761410188	0.0	0
331	0.967598008008	0.385626282978	0.0	0
332	0.246950303493	0.084453436453	0.0	0
333	0.26714901311	0.095599452989	0.0	0
334	0.288669077162	0.107474617013	0.0	0
335	0.311596935705	0.120126627725	0.0	0
336	0.336024683505	0.133606304698	0.0	0
337	0.362050439967	0.14796779201	0.0	0
338	0.389778743245	0.163268775721	0.0	0
339	0.419320970146	0.179570715587	0.0	0
340	0.4507957835	0.196939091921	0.0	0
341	0.484329608792	0.215443668614	0.0	0
342	0.520057141981	0.235158773354	0.0	0
343	0.558121890535	0.256163596179	0.0	0
344	0.598676749858	0.278542507564	0.0	0
345	0.641884617432	0.302385397312	0.0	0
346	0.687919047126	0.327788035615	0.0	0
347	0.736964946316	0.354852457736	0.0	0
348	0.789219318606	0.383687373859	0.0	0
349	0.844892055134	0.414408605744	0.0	0
350	0.904206777649	0.447139551953	0.0	0
351	0.967401736732	0.482011683503	0.0	0
352	0.241447073289	0.100629821204	0.0	0
353	0.261793393547	0.114024200459	0.0	0
354	0.2834707246	0.128294810066	0.0	0
355	0.306566138197	0.143498971057	0.0	0
356	0.331172402131	0.159697754276	0.0	0
357	0.357388352852	0.176956225686	0.0	0
358	0.385319292472	0.195343707721	0.0	0
359	0.415077411732	0.214934057731	0.0	0
360	0.44678224064	0.235805964651	0.0	0
361	0.48056112859	0.258043265071	0.0	0
362	0.516549755889	0.281735279979	0.0	0
363	0.554892678745	0.306977173548	0.0	0
364	0.595743909911	0.333870335374	0.0	0
365	0.639267537312	0.362522787736	0.0	0
366	0.685638383135	0.393049619489	0.0	0
367	0.735042706046	0.425573448343	0.0	0
368	0.787678949334	0.460224913385	0.0	0
369	0.843758538009	0.497143199819	0.0	0
370	0.903506728028	0.536476598032	0.0	0
371	0.967163511091	0.57838309924	0.0	0
372	0.23499743953	0.116421489128	0.0	0
373	0.255516755382	0.132074550187	0.0	0
374	0.277378399013	0.148751599513	0.0	0
375	0.300670182507	0.166519624131	0.0	0
376	0.325485662416	0.185449993204	0.0	0
377	0.351924515554	0.20561874471	0.0	0
378	0.380092939369	0.227106890859	0.0	0
379	0.410104078509	0.250000743499	0.0	0
380	0.442078479292	0.274392260808	0.0	0
381	0.476144573907	0.30037941666	0.0	0
382	0.512439196288	0.328066594163	0.0	0
383	0.551108131741	0.357565004933	0.0	0
384	0.59230670252	0.388993135802	0.0	0
385	0.636200391715	0.422477224745	0.0	0
386	0.682965507947	0.458151767945	0.0	0
387	0.732789893555	0.496160060023	0.0	0
388	0.785873679105	0.536654769613	0.0	0
389	0.842430087254	0.579798552593	0.0	0
390	0.902686289212	0.625764705423	0.0	0
391	0.966884317221	0.674737861229	0.0	0
392	0.227628100526	0.131768377343	0.0	0
393	0.248345080808	0.14969205033	0.0	0
394	0.270417319634	0.168788249941	0.0	0
395	0.293933474989	0.189133680248	0.0	0
396	0.318988004665	0.21081006313	0.0	0
397	0.345681545671	0.23390446653	0.0	0
398	0.374121318466	0.258509654181	0.0	0
399	0.40442155763	0.284724458211	0.0	0
400	0.436703970714	0.312654176127	0.0	0
401	0.471098227106	0.342410993761	0.0	0
402	0.507742478874	0.374114435894	0.0	0
403	0.546783915687	0.407891846349	0.0	0
404	0.588379356033	0.443878899499	0.0	0
405	0.632695877114	0.482220145228	0.0	0
406	0.679911485949	0.523069589555	0.0	0
407	0.73021583438	0.566591313224	0.0	0
408	0.783810980848	0.612960130777	0.0	0
409	0.840912202003	0.662362292734	0.0	0
410	0.901748857416	0.714996233704	0.0	0
411	0.966565310847	0.771073369447	0.0	0
412	0.219369561716	0.146612264136	0.0	0
413	0.240308057029	0.166820040829	0.0	0
414	0.262616301905	0.188349765106	0.0	0
415	0.286383902298	0.211287915822	0.0	0
416	0.311706325984	0.235726629088	0.0	0
417	0.338685286029	0.261764068351	0.0	0
418	0.367429149337	0.289504818693	0.0	0
419	0.398053371936	0.319060306917	0.0	0
420	0.430680962727	0.35054924912	0.0	0
421	0.46544297758	0.384098127539	0.0	0
422	0.502479045746	0.419841698597	0.0	0
423	0.54193793071	0.457923534181	0.0	0
424	0.583978127732	0.49849659833	0.0	0
425	0.628768500476	0.541723861649	0.0	0
426	0.676488959291	0.587778955914	0.0	0
427	0.727331183859	0.636846871505	0.0	0
428	0.781499393119	0.68912470046	0.0	0
429	0.839211165553	0.744822428136	0.0	0
430	0.900698313145	0.804163776663	0.0	0
431	0.966207812499	0.867387103573	0.0	0
432	0.210256009387	0.160897009973	0.0	0
433	0.23143895337	0.183403887956	0.0	0
434	0.254007638202	0.20738311559	0.0	0
435	0.278052715951	0.232931010698	0.0	0
436	0.303670768942	0.260150192001	0.0	0
437	0.330964697699	0.289149991305	0.0	0
438	0.360044134269	0.320046892661	0.0	0
439	0.391025882582	0.352965000244	0.0	0
440	0.424034387621	0.388036536848	0.0	0
441	0.45920223528	0.425402374985	0.0	0
442	0.496670684928	0.465212602736	0.0	0
443	0.536590236803	0.507627126603	0.0	0
444	0.579121236536	0.552816313819	0.0	0
445	0.624434519207	0.600961676658	0.0	0
446	0.672712095549	0.652256601521	0.0	0
447	0.724147883026	0.706907125716	0.0	0
448	0.778948484754	0.765132765051	0.0	0
449	0.837334019358	0.827167395568	0.0	0
450	0.899539005135	0.893260192956	0.0	0
451	0.965813302044	0.963676633422	0.0	0
452	0.249870606889	0.008042376069	0.0	0
453	0.248836265508	0.024093836725	0.0	0
454	0.246771864409	0.040045560752	0.0	0
455	0.243685949199	0.055831515858	0.0	0
456	0.239591294047	0.071386355957	0.0	0
457	0.234504848812	0.086645691663	0.0	0
458	0.228447668874	0.101546356833	0.0	0
459	0.221444827979	0.116026670044	0.0	0
460	0.213525314441	0.130026689924	0.0	0
461	0.204721911152	0.143488463279	0.0	0
462	0.269103942132	0.009118170531	0.0	0
463	0.268096121288	0.027322073706	0.0	0
464	0.266084651482	0.045428797501	0.0	0
465	0.26307785921	0.063374002695	0.0	0
466	0.259088191112	0.081094018675	0.0	0
467	0.254132162452	0.098526107002	0.0	0
468	0.24823028875	0.115608721114	0.0	0
469	0.241407000859	0.132281761102	0.0	0
470	0.233690543835	0.14848682249	0.0	0
471	0.225112860013	0.164167438006	0.0	0
472	0.289595479176	0.010264341062	0.0	0
473	0.288615913784	0.030761494735	0.0	0
474	0.286660837917	0.051164193566	0.0	0
475	0.283738344629	0.071409902162	0.0	0
476	0.279860531604	0.09143673499	0.0	0
477	0.27504345108	0.111183712558	0.0	0
478	0.269307043401	0.130591013835	0.0	0
479	0.262675054471	0.149600223883	0.0	0
480	0.255174937463	0.168154575667	0.0	0
481	0.246837739171	0.18619918504	0.0	0
482	0.311427526772	0.011485491508	0.0	0
483	0.31047806524	0.034425915	0.0	0
484	0.308583072478	0.057274786422	0.0	0
485	0.305750392826	0.07997149221	0.0	0
486	0.301991752182	0.102456048689	0.0	0
487	0.297322709471	0.124669350378	0.0	0
488	0.291762592231	0.146553414658	0.0	0
489	0.285334416613	0.168051621791	0.0	0
490	0.278064792102	0.189108949296	0.0	0
491	0.269983811365	0.20967219972	0.0	0
492	0.334687778124	0.012786526886	0.0	0
493	0.333770389779	0.038330053447	0.0	0
494	0.331939410625	0.063785120605	0.0	0
495	0.329202420015	0.089093162343	0.0	0
496	0.325570747744	0.11419622126	0.0	0
497	0.321059427147	0.139037188481	0.0	0
498	0.315687132874	0.163560040064	0.0	0
499	0.309476103579	0.187710068907	0.0	0
500	0.302452049868	0.211434111212	0.0	0
501	0.294644047867	0.234680766555	0.0	0
502	0.359469663129	0.014172673091	0.0	0
503	0.358586446127	0.042489591906	0.0	0
504	0.356823668208	0.070721346298	0.0	0
505	0.354188626404	0.098811551747	0.0	0
506	0.350692228492	0.126704409679	0.0	0
507	0.346348947839	0.154344938439	0.0	0
508	0.341176763491	0.181679200892	0.0	0
509	0.335197085746	0.208654527694	0.0	0
510	0.328434667528	0.23521973532	0.0	0
511	0.320917501922	0.261325337934	0.0	0
512	0.385872723659	0.015649497882	0.0	0
513	0.385025913414	0.046921238074	0.0	0
514	0.383335798301	0.078111324372	0.0	0
515	0.380809374566	0.109165696465	0.0	0
516	0.37745710036	0.140030855827	0.0	0
517	0.373292852448	0.170654087184	0.0	0
518	0.368333868769	0.200983676722	0.0	0
519	0.362600677076	0.230969126161	0.0	0
520	0.35611700996	0.260561361792	0.0	0
521	0.348909706615	0.289712937617	0.0	0
522	0.414003013395	0.01722293325	0.0	0
523	0.413194991554	0.051642792628	0.0	0
524	0.411582292687	0.085984738295	0.0	0
525	0.409171592572	0.120197186186	0.0	0
526	0.405972870322	0.154229088295	0.0	0
527	0.401999367073	0.188030143986	0.0	0
528	0.397267531175	0.221551008212	0.0	0
529	0.391796950099	0.254743495783	0.0	0
530	0.38561026936	0.287560780826	0.0	0
531	0.378733098772	0.319957590621	0.0	0
532	0.443973523809	0.018899299243	0.0	0
533	0.443206827824	0.056673220728	0.0	0
534	0.4416766096	0.094373213357	0.0	0
535	0.439389203485	0.131950331308	0.0	0
536	0.436354078217	0.169356137396	0.0	0
537	0.432583797721	0.206542903586	0.0	0
538	0.428093969103	0.243463808557	0.0	0
539	0.422903178045	0.280073131526	0.0	0
540	0.417032911867	0.316326441505	0.0	0
541	0.410507470584	0.352180781224	0.0	0
542	0.475904638025	0.020685329353	0.0	0
543	0.475181971342	0.06203272819	0.0	0
544	0.473739629459	0.103310443709	0.0	0
545	0.471583582964	0.144472340914	0.0	0
546	0.468722756827	0.185472764238	0.0	0
547	0.465168993461	0.22626672654	0.0	0
548	0.460937003699	0.266810095322	0.0	0
549	0.456044305895	0.307059775424	0.0	0
550	0.450511153413	0.34697388741	0.0	0
551	0.44436045078	0.386511940931	0.0	0
552	0.509924614363	0.02258819756	0.0	0
553	0.509248857279	0.067742842651	0.0	0
554	0.507900140412	0.112832327695	0.0	0
555	0.505884046788	0.157813512399	0.0	0
556	0.503208922042	0.202643704785	0.0	0
557	0.499885839873	0.247280837905	0.0	0
558	0.495928556208	0.291683643985	0.0	0
559	0.491353452254	0.335811825246	0.0	0
560	0.486179466691	0.379626220724	0.0	0
561	0.480428017272	0.423088968371	0.0	0
562	0.546170101512	0.024615547152	0.0	0
563	0.545544322749	0.073826500038	0.0	0
564	0.544295355638	0.122977112047	0.0	0
565	0.542428370289	0.172027433504	0.0	0
566	0.539951095103	0.220937929882	0.0	0
567	0.53687378478	0.269669645467	0.0	0
568	0.533209177872	0.318184364605	0.0	0
569	0.528972444047	0.366444769902	0.0	0
570	0.5241811213	0.4144145967	0.0	0
571	0.518855043349	0.46205878319	0.0	0
572	0.584786687417	0.026775521422	0.0	0
573	0.584214156444	0.080308136692	0.0	0
574	0.583071464494	0.133785545517	0.0	0
575	0.581363341751	0.187171197556	0.0	0
576	0.579096859001	0.240428922295	0.0	0
577	0.576281398369	0.293523078776	0.0	0
578	0.572928614476	0.346418703134	0.0	0
579	0.569052386198	0.399081653328	0.0	0
580	0.564668759213	0.451478750475	0.0	0
581	0.55979587958	0.503577916191	0.0	0
582	0.625929484057	0.029076796382	0.0	0
583	0.625413684226	0.087213787529	0.0	0
584	0.624384219721	0.145301042546	0.0	0
585	0.62284535202	0.203305632804	0.0	0
586	0.620803451277	0.261194971866	0.0	0
587	0.618266969956	0.318936950377	0.0	0
588	0.615246407844	0.376500068982	0.0	0
589	0.611754268579	0.433853568719	0.0	0
590	0.607805007902	0.490967558345	0.0	0
591	0.603414973809	0.547813138071	0.0	0
592	0.669763750492	0.031528615606	0.0	0
593	0.669308393028	0.094571190608	0.0	0
594	0.668399563055	0.157569857652	0.0	0
595	0.667041022682	0.220495546744	0.0	0
596	0.665238395598	0.283319489985	0.0	0
597	0.662999143793	0.346013340653	0.0	0
598	0.660332536666	0.408549290547	0.0	0
599	0.657249612661	0.470900185094	0.0	0
600	0.653763133565	0.533039635763	0.0	0
601	0.649887531686	0.594942129294	0.0	0
602	0.716465556661	0.034140827363	0.0	0
603	0.716074595568	0.102409898552	0.0	0
604	0.715294291768	0.170641271219	0.0	0
605	0.714127875334	0.23880998643	0.0	0
606	0.712580174658	0.306891344627	0.0	0
607	0.710657596458	0.374861007861	0.0	0
608	0.708368099262	0.442695100551	0.0	0
609	0.705721160463	0.510370308308	0.0	0
610	0.702727737084	0.577863974448	0.0	0
611	0.699400220426	0.645154193782	0.0	0
612	0.766222490604	0.036923924175	0.0	0
613	0.765900138549	0.110761397249	0.0	0
614	0.765256768816	0.184567787445	0.0	0
615	0.76429504464	0.258322515826	0.0	0
616	0.763018947087	0.332005217313	0.0	0
617	0.761433758572	0.405595824979	0.0	0
618	0.759546040996	0.479074653125	0.0	0
619	0.75736360858	0.55242247876	0.0	0
620	0.754895495522	0.62562062118	0.0	0
621	0.752151918595	0.698651019297	0.0	0
622	0.819234411951	0.03988908496	0.0	0
623	0.818985157183	0.119659232324	0.0	0
624	0.818487679438	0.199405345234	0.0	0
625	0.817744038031	0.279111511281	0.0	0
626	0.81675731127	0.358761983416	0.0	0
627	0.815531583719	0.438341245136	0.0	0
628	0.814071929287	0.517834074714	0.0	0
629	0.812384390225	0.597225608209	0.0	0
630	0.810475952114	0.676501400998	0.0	0
631	0.80835451495	0.755647487563	0.0	0
632	0.875714254702	0.043048219935	0.0	0
633	0.875542879083	0.129139143881	0.0	0
634	0.875200837255	0.21521354289	0.0	0
635	0.874689545102	0.301260476352	0.0	0
636	0.874011119124	0.387269117352	0.0	0
637	0.87316836767	0.473228797488	0.0	0
638	0.872164779316	0.55912905103	0.0	0
639	0.871004508424	0.644959658246	0.0	0
640	0.869692357945	0.730710687704	0.0	0
641	0.868233759537	0.816372537387	0.0	0
642	0.935888882525	0.046414018459	0.0	0
643	0.935800480734	0.139239210063	0.0	0
644	0.935624043092	0.232055877502	0.0	0
645	0.935360299964	0.324858377211	0.0	0
646	0.935010343117	0.417641124273	0.0	0
647	0.934575621199	0.510398615536	0.0	0
648	0.934057933747	0.603125452396	0.0	0
649	0.933459423731	0.695816363142	0.0	0
650	0.932782568687	0.788466224781	0.0	0
651	0.932030170464	0.881070084241	0.0	0
652	1.0	0.05	0.0	0
653	1.0	0.15	0.0	0
654	1.0	0.25	0.0	0
655	1.0	0.35	0.0	0
656	1.0	0.45	0.0	0
657	1.0	0.55	0.0	0
658	1.0	0.65	0.0	0
659	1.0	0.75	0.0	0
660	1.0	0.85	0.0	0
661	1.0	0.95	0.0	0
662	0.25948727451	0.0085802733	0.0	0
663	0.279349710654	0.009691255796	0.0	0
664	0.300511502974	0.010874916285	0.0	0
665	0.323057652448	0.012136009197	0.0	0
666	0.347078720626	0.013479599988	0.0	0
667	0.372671193394	0.014911085486	0.0	0
668	0.399937868527	0.016436215566	0.0	0
669	0.428988268602	0.018061116247	0.0	0
670	0.459939080917	0.019792314298	0.0	0
671	0.492914626194	0.021636763456	0.0	0
672	0.528047357938	0.023601872356	0.0	0
673	0.565478394464	0.025695534287	0.0	0
674	0.605358085737	0.027926158902	0.0	0
675	0.647846617274	0.030302705994	0.0	0
676	0.693114653577	0.032834721485	0.0	0
677	0.741344023633	0.035532375769	0.0	0
678	0.792728451278	0.038406504567	0.0	0
679	0.847474333327	0.041468652447	0.0	0
680	0.905801568614	0.044731119197	0.0	0
681	0.967944441263	0.04820700923	0.0	0
682	0.258466193398	0.025707955216	0.0	0
683	0.278356017536	0.029041784221	0.0	0
684	0.299546989512	0.032593704867	0.0	0
685	0.322124227509	0.036377984224	0.0	0
686	0.346178417953	0.040409822677	0.0	0
687	0.371806179771	0.04470541499	0.0	0
688	0.399110452484	0.049282015351	0.0	0
689	0.428200909689	0.054158006678	0.0	0
690	0.459194399583	0.059352974459	0.0	0
691	0.49221541431	0.064887785421	0.0	0
692	0.527396590014	0.070784671344	0.0	0
693	0.564879239596	0.077067318365	0.0	0
694	0.604813920335	0.083760962111	0.0	0
695	0.647361038627	0.090892489069	0.0	0
696	0.692691494298	0.09849054458	0.0	0
697	0.740987367058	0.106585647901	0.0	0
698	0.792442647866	0.115210314787	0.0	0
699	0.847264018133	0.124399188103	0.0	0
700	0.905671679908	0.134189176972	0.0	0
701	0.967900240367	0.144619605032	0.0	0
702	0.256428257946	0.042737179126	0.0	0
703	0.2763727447	0.048296495534	0.0	0
704	0.297621955198	0.054219489994	0.0	0
705	0.320261241552	0.060529953513	0.0	0
706	0.344381539416	0.067253233451	0.0	0
707	0.370079733254	0.074416335335	0.0	0
708	0.397459045494	0.082048031334	0.0	0
709	0.426629451143	0.090178975826	0.0	0
710	0.45770811953	0.098841828533	0.0	0
711	0.490819884936	0.108071385702	0.0	0
712	0.526097748025	0.117904719871	0.0	0
713	0.563683410066	0.128381328782	0.0	0
714	0.603727842108	0.139543294032	0.0	0
715	0.646391891388	0.151435450099	0.0	0
716	0.691846927411	0.164105564435	0.0	0
717	0.740275530292	0.177604529332	0.0	0
718	0.791872224127	0.191986566339	0.0	0
719	0.846844258346	0.207309444062	0.0	0
720	0.905412440173	0.223634710196	0.0	0
721	0.967812021546	0.241027938751	0.0	0
722	0.253381904204	0.059602759277	0.0	0
723	0.27340810192	0.067391952428	0.0	0
724	0.294744368728	0.075690697186	0.0	0
725	0.31747640642	0.084532327276	0.0	0
726	0.341695523209	0.093952357045	0.0	0
727	0.367499000485	0.103988624106	0.0	0
728	0.394990483569	0.114681441325	0.0	0
729	0.424280398029	0.126073758747	0.0	0
730	0.455486393225	0.138211336111	0.0	0
731	0.488733814876	0.151142926656	0.0	0
732	0.524156208539	0.164920472951	0.0	0
733	0.56189585602	0.17959931553	0.0	0
734	0.602104346885	0.19523841518	0.0	0
735	0.644943187351	0.211900589774	0.0	0
736	0.690584449008	0.229652766587	0.0	0
737	0.739211459987	0.248566251128	0.0	0
738	0.791019541336	0.268717013554	0.0	0
739	0.846216791567	0.290185993816	0.0	0
740	0.905024922533	0.313059426782	0.0	0
741	0.967680149982	0.337429188606	0.0	0
742	0.24933974258	0.076240187316	0.0	0
743	0.269474361358	0.086265376833	0.0	0
744	0.290926141893	0.096946391839	0.0	0
745	0.313781249963	0.108326134974	0.0	0
746	0.338131488118	0.120450315469	0.0	0
747	0.364074664426	0.133367632753	0.0	0
748	0.391714985341	0.147129972061	0.0	0
749	0.42116347427	0.161792612846	0.0	0
750	0.452538417522	0.177414450817	0.0	0
751	0.485965839434	0.194058234512	0.0	0
752	0.521580008572	0.211790817334	0.0	0
753	0.559523977052	0.230683426089	0.0	0
754	0.599950155139	0.250811947081	0.0	0
755	0.643020923437	0.272257230925	0.0	0
756	0.688909285128	0.295105417306	0.0	0
757	0.737799560872	0.31944828097	0.0	0
758	0.789888129178	0.345383600364	0.0	0
759	0.845384215197	0.373015550384	0.0	0
760	0.90451073112	0.402455120813	0.0	0
761	0.967505171558	0.433820562136	0.0	0
762	0.244318505632	0.092585899332	0.0	0
763	0.264587806766	0.10485490978	0.0	0
764	0.286183080276	0.117926531468	0.0	0
765	0.309191068309	0.13185326943	0.0	0
766	0.333704187493	0.14669106346	0.0	0
767	0.359820900144	0.162499512811	0.0	0
768	0.387646109761	0.179342115585	0.0	0
769	0.417291582397	0.197286523786	0.0	0
770	0.448876395591	0.216404815063	0.0	0
771	0.482527416667	0.236773782223	0.0	0
772	0.518379812327	0.258475241686	0.0	0
773	0.556577591575	0.281596362121	0.0	0
774	0.597274184163	0.306230014576	0.0	0
775	0.640633056874	0.332475145515	0.0	0
776	0.686828370125	0.360437174257	0.0	0
777	0.736045677515	0.39022841642	0.0	0
778	0.788482671145	0.421968535058	0.0	0
779	0.844349975694	0.455785021312	0.0	0
780	0.903871994435	0.491813706512	0.0	0
781	0.9672878106	0.530199307768	0.0	0
782	0.238338978812	0.108577538973	0.0	0
783	0.258768666075	0.123099867474	0.0	0
784	0.280534817816	0.138572214246	0.0	0
785	0.303724862553	0.155056727361	0.0	0
786	0.328431948183	0.172619620478	0.0	0
787	0.35475531613	0.191331438807	0.0	0
788	0.382800699972	0.211267342467	0.0	0
789	0.412680750139	0.232507408385	0.0	0
790	0.444515486401	0.25513695194	0.0	0
791	0.478432779954	0.279246869654	0.0	0
792	0.51456886704	0.304934004295	0.0	0
793	0.553068896174	0.332301533869	0.0	0
794	0.59408751116	0.361459386058	0.0	0
795	0.637789472255	0.392524679764	0.0	0
796	0.684350317964	0.425622195549	0.0	0
797	0.733957070129	0.460884876838	0.0	0
798	0.786808985141	0.49845436392	0.0	0
799	0.843118354301	0.538481562872	0.0	0
800	0.903111356531	0.581127251713	0.0	0
801	0.967028966873	0.626562726198	0.0	0
802	0.231425914419	0.124154215573	0.0	0
803	0.252041027665	0.140940992492	0.0	0
804	0.274004735542	0.158825922837	0.0	0
805	0.297405260096	0.177880845349	0.0	0
806	0.322336594663	0.198182298301	0.0	0
807	0.348898881411	0.219811826928	0.0	0
808	0.377198813587	0.242856310972	0.0	0
809	0.407350064072	0.267408313655	0.0	0
810	0.43947374197	0.293566453475	0.0	0
811	0.473698879075	0.321435800335	0.0	0
812	0.510162948151	0.351128297574	0.0	0
813	0.549012415122	0.382763211615	0.0	0
814	0.590403327389	0.416467611024	0.0	0
815	0.63450194062	0.452376876907	0.0	0
816	0.681485386562	0.490635246701	0.0	0
817	0.731542384522	0.531396393534	0.0	0
818	0.784873999402	0.574824043485	0.0	0
819	0.841694449324	0.621092633228	0.0	0
820	0.902231966077	0.670388010694	0.0	0
821	0.966729711865	0.722908181571	0.0	0
822	0.223607929138	0.139256756207	0.0	0
823	0.244432740649	0.158320699079	0.0	0
824	0.266619864783	0.178631762482	0.0	0
825	0.290258420985	0.200271530254	0.0	0
826	0.315443358698	0.223326923266	0.0	0
827	0.342275838744	0.247890548556	0.0	0
828	0.37086363966	0.274061071309	0.0	0
829	0.401321590613	0.301943611166	0.0	0
830	0.43377203264	0.331650164457	0.0	0
831	0.468345310052	0.363300054067	0.0	0
832	0.505180293995	0.397020408712	0.0	0
833	0.544424940256	0.432946673587	0.0	0
834	0.586236883558	0.47122315441	0.0	0
835	0.630784070734	0.512003597054	0.0	0
836	0.678245435324	0.555451805106	0.0	0
837	0.728811616303	0.601742297814	0.0	0
838	0.782685723818	0.651061011089	0.0	0
839	0.84008415503	0.703606044351	0.0	0
840	0.901237463316	0.759588456242	0.0	0
841	0.966391284344	0.81923311239	0.0	0
842	0.214917385583	0.153827950643	0.0	0
843	0.235975299592	0.175183311523	0.0	0
844	0.258410775268	0.19793569238	0.0	0
845	0.282313929616	0.222176483138	0.0	0
846	0.307780774894	0.248003052244	0.0	0
847	0.334913604268	0.275519137776	0.0	0
848	0.363821402693	0.304835264119	0.0	0
849	0.394620284678	0.336069185923	0.0	0
850	0.427433960682	0.369346361077	0.0	0
851	0.462394234026	0.404800454651	0.0	0
852	0.499641530311	0.44257387578	0.0	0
853	0.539325461464	0.482818349691	0.0	0
854	0.581605426695	0.525695527131	0.0	0
855	0.626651252748	0.571377633683	0.0	0
856	0.674643876056	0.620048161538	0.0	0
857	0.725776069511	0.67190260654	0.0	0
858	0.780253216773	0.72714925343	0.0	0
859	0.838294137243	0.786010012475	0.0	0
860	0.900131965001	0.848721310814	0.0	0
861	0.966015085232	0.91553504212	0.0	0
862	0.185251236702	0.16787489181	0.0	0
863	0.203577411766	0.189210599112	0.0	0
864	0.22310244424	0.211942040696	0.0	0
865	0.243904760698	0.23616052238	0.0	0
866	0.266067918202	0.261963323004	0.0	0
867	0.289680939931	0.289454085172	0.0	0
868	0.314838672763	0.318743231554	0.0	0
869	0.341642168246	0.349948408426	0.0	0
870	0.370199088493	0.383194958222	0.0	0
871	0.400624138633	0.418616422993	0.0	0
872	0.433039527548	0.456355080817	0.0	0
873	0.467575458753	0.496562517284	0.0	0
874	0.504370653384	0.539400234375	0.0	0
875	0.543572907405	0.585040299169	0.0	0
876	0.58533968526	0.633666034989	0.0	0
877	0.629838752368	0.68547275776	0.0	0
878	0.677248848983	0.740668560538	0.0	0
879	0.727760408149	0.799475149363	0.0	0
880	0.781576320615	0.862128733786	0.0	0
881	0.838912749787	0.928880975662	0.0	0
882	0.9	1.0	0.0	0
883	0.168910682809	0.184307301084	0.0	0
884	0.185091827712	0.205221681026	0.0	0
885	0.202331506946	0.227504232957	0.0	0
886	0.220698967463	0.25124445963	0.0	0
887	0.240267986192	0.276537718869	0.0	0
888	0.261117166387	0.303485606592	0.0	0
889	0.283330253349	0.332196364898	0.0	0
890	0.30699647081	0.362785316839	0.0	0
891	0.33221087932	0.395375329645	0.0	0
892	0.359074758076	0.430097308245	0.0	0
893	0.387696011736	0.467090721076	0.0	0
894	0.418189603837	0.506504160288	0.0	0
895	0.450678018575	0.548495938597	0.0	0
896	0.485291752788	0.593234725186	0.0	0
897	0.522169840127	0.640900223195	0.0	0
898	0.561460409511	0.691683891544	0.0	0
899	0.603321280123	0.745789713967	0.0	0
900	0.647920595325	0.803435018357	0.0	0
901	0.695437498041	0.864851349714	0.0	0
902	0.746062850325	0.930285400194	0.0	0
903	0.8	1.0	0.0	0
904	0.151118746237	0.199156030628	0.0	0
905	0.165192074464	0.219689688796	0.0	0
906	0.180186048368	0.241566612986	0.0	0
907	0.19616089453	0.264874676657	0.0	0
908	0.213180779422	0.289707501756	0.0	0
909	0.231314067141	0.316164834769	0.0	0
910	0.250633594013	0.34435294737	0.0	0
911	0.27121696115	0.374385063293	0.0	0
912	0.293146846158	0.406381813113	0.0	0
913	0.316511335226	0.440471718789	0.0	0
914	0.341404276946	0.476791709898	0.0	0
915	0.367925659273	0.515487673644	0.0	0
916	0.396182011153	0.556715040846	0.0	0
917	0.426286830416	0.600639410261	0.0	0
918	0.458361039665	0.647437213746	0.0	0
919	0.492533471993	0.697296424934	0.0	0
920	0.528941388463	0.750417314275	0.0	0
921	0.567731029451	0.807013253462	0.0	0
922	0.609058202051	0.867311572491	0.0	0
923	0.65308890591	0.931554472774	0.0	0
924	0.7	1.0	0.0	0
925	0.132028306059	0.212293491184	0.0	0
926	0.144027111274	0.232490304555	0.0	0
927	0.156810851506	0.254008348314	0.0	0
928	0.17043087545	0.276934054399	0.0	0
929	0.184941890919	0.301359508933	0.0	0
930	0.200402184584	0.327382822109	0.0	0
931	0.216873856105	0.355108522266	0.0	0
932	0.234423067561	0.384647975756	0.0	0
933	0.253120309204	0.416119834268	0.0	0
934	0.273040682604	0.44965051142	0.0	0
935	0.294264202307	0.485374690524	0.0	0
936	0.316876117231	0.523435865576	0.0	0
937	0.340967253089	0.563986917627	0.0	0
938	0.366634377206	0.607190728865	0.0	0
939	0.393980587213	0.653220836867	0.0	0
940	0.423115725156	0.70226213165	0.0	0
941	0.454156818701	0.754511598323	0.0	0
942	0.487228551204	0.81017910832	0.0	0
943	0.522463762527	0.869488262394	0.0	0
944	0.560003982619	0.932677288763	0.0	0
945	0.6	1.0	0.0	0
946	0.111803398875	0.22360679775	0.0	0
947	0.121756768838	0.243513537675	0.0	0
948	0.132361266016	0.264722532031	0.0	0
949	0.143659485697	0.287318971393	0.0	0
950	0.155696809656	0.311393619311	0.0	0
951	0.168521588443	0.337043176885	0.0	0
952	0.182185335593	0.364370671185	0.0	0
953	0.19674293454	0.393485869081	0.0	0
954	0.212252859073	0.424505718146	0.0	0
955	0.228777408201	0.457554816402	0.0	0
956	0.246382956398	0.492765912797	0.0	0
957	0.265140220208	0.530280440415	0.0	0
958	0.28512454229	0.570249084579	0.0	0
959	0.306416194054	0.612832388108	0.0	0
960	0.329100698087	0.658201396174	0.0	0
961	0.35326917167	0.70653834334	0.0	0
962	0.379018692774	0.758037385549	0.0	0
963	0.406452689995	0.812905379991	0.0	0
964	0.435681357995	0.87136271599	0.0	0
965	0.466822100125	0.93364420025	0.0	0
966	0.5	1.0	0.0	0
967	0.090617809312	0.232998739558	0.0	0
968	0.098550375941	0.252664669875	0.0	0
969	0.107001873349	0.273617101396	0.0	0
970	0.116006248827	0.295940194156	0.0	0
971	0.125599670422	0.319723613748	0.0	0
972	0.135820672216	0.345062891491	0.0	0
973	0.146710309101	0.372059808146	0.0	0
974	0.158312321691	0.400822802746	0.0	0
975	0.170673312012	0.431467408164	0.0	0
976	0.183842930691	0.464116715172	0.0	0
977	0.197874076388	0.498901866868	0.0	0
978	0.212823108275	0.535962585438	0.0	0
979	0.228750072415	0.57544773338	0.0	0
980	0.245718942949	0.617515911444	0.0	0
981	0.263797879065	0.662336095689	0.0	0
982	0.283059498773	0.710088316207	0.0	0
983	0.303581170589	0.760964380257	0.0	0
984	0.325445324306	0.815168642702	0.0	0
985	0.34873978209	0.87291882684	0.0	0
986	0.373558111235	0.934446898944	0.0	0
987	0.4	1.0	0.0	0
988	0.06865357676	0.240388615367	0.0	0
989	0.074585304481	0.259865069095	0.0	0
990	0.080905072571	0.280615628892	0.0	0
991	0.087638265764	0.302723643931	0.0	0
992	0.094811929405	0.326277915898	0.0	0
993	0.102454878088	0.351373055691	0.0	0
994	0.110597811391	0.378109863436	0.0	0
995	0.119273437189	0.406595733384	0.0	0
996	0.128516603036	0.436945085273	0.0	0
997	0.138364436132	0.469279823927	0.0	0
998	0.148856492458	0.50372982891	0.0	0
999	0.160034915658	0.540433476219	0.0	0
1000	0.171944606317	0.579538194095	0.0	0
1001	0.18463340232	0.62120105521	0.0	0
1002	0.198152270996	0.665589407576	0.0	0
1003	0.212555513843	0.712881546739	0.0	0
1004	0.227900984644	0.76326743194	0.0	0
1005	0.244250321846	0.816949449131	0.0	0
1006	0.261669196144	0.874143223899	0.0	0
1007	0.280227574264	0.935078487575	0.0	0
1008	0.3	1.0	0.0	0
1009	0.046099431182	0.245712926898	0.0	0
1010	0.050045445378	0.265052865153	0.0	0
1011	0.054249599003	0.285657978941	0.0	0
1012	0.058728778961	0.307611033217	0.0	0
1013	0.06350097686	0.331000207235	0.0	0
1014	0.068585361279	0.355919448739	0.0	0
1015	0.074002354762	0.382468851324	0.0	0
1016	0.079773715851	0.410755056484	0.0	0
1017	0.085922626483	0.440891681961	0.0	0
1018	0.092473785105	0.472999778117	0.0	0
1019	0.09945350588	0.507208314157	0.0	0
1020	0.106889824388	0.543654696163	0.0	0
1021	0.114812610232	0.582485319016	0.0	0
1022	0.123253687016	0.623856154423	0.0	0
1023	0.132246960177	0.667933377413	0.0	0
1024	0.141828553167	0.714894033811	0.0	0
1025	0.152036952553	0.764926751386	0.0	0
1026	0.16291316261	0.818232497514	0.0	0
1027	0.174500870019	0.875025386407	0.0	0
1028	0.186846619346	0.93553353915	0.0	0
1029	0.2	1.0	0.0	0
1030	0.023149171427	0.248925924448	0.0	0
1031	0.025119628475	0.26818348137	0.0	0
1032	0.027218988419	0.288700824623	0.0	0
1033	0.029455683798	0.310560366612	0.0	0
1034	0.031838698789	0.333849910978	0.0	0
1035	0.034377605295	0.35866300528	0.0	0
1036	0.037082601389	0.385099316751	0.0	0
1037	0.039964552282	0.413265032629	0.0	0
1038	0.043035033961	0.443273286685	0.0	0
1039	0.046306379688	0.475244613647	0.0	0
1040	0.04979172954	0.509307433359	0.0	0
1041	0.053505083189	0.545598566601	0.0	0
1042	0.057461356135	0.584263784662	0.0	0
1043	0.061676439613	0.625458394867	0.0	0
1044	0.066167264431	0.669347864394	0.0	0
1045	0.070951868971	0.716108484918	0.0	0
1046	0.076049471646	0.765928080719	0.0	0
1047	0.081480548094	0.819006763123	0.0	0
1048	0.087266913424	0.875557734291	0.0	0
1049	0.09343180984	0.935808143592	0.0	0
1050	0.1	1.0	0.0	0
1051	-1.387779e-017	0.25	0.0	0
1052	-1.352196e-017	0.2692300176	0.0	0
1053	-1.314286e-017	0.289718019969	0.0	0
1054	-1.273895e-017	0.31154630166	0.0	0
1055	-1.230863e-017	0.334802540749	0.0	0
1056	-1.185015e-017	0.359580151018	0.0	0
1057	-1.136168e-017	0.385978657168	0.0	0
1058	-1.084125e-017	0.414104094586	0.0	0
1059	-1.028678e-017	0.444069435256	0.0	0
1060	-9.696039e-018	0.475995041534	0.0	0
1061	-9.066652e-018	0.510009149617	0.0	0
1062	-8.396092e-018	0.546248384623	0.0	0
1063	-7.681664e-018	0.584858309383	0.0	0
1064	-6.920501e-018	0.625994009122	0.0	0
1065	-6.109544e-018	0.669820714392	0.0	0
1066	-5.245536e-018	0.716514464762	0.0	0
1067	-4.325007e-018	0.766262815913	0.0	0
1068	-3.344258e-018	0.819265593001	0.0	0
1069	-2.299352e-018	0.875735693296	0.0	0
1070	-1.186089e-018	0.935899941333	0.0	0
1071	0.0	1.0	0.0	0
1072	0.194414324234	0.178542745461	0.0	0
1073	0.213339928003	0.200576319904	0.0	0
1074	0.233503602469	0.224051281538	0.0	0
1075	0.25498633945	0.249061922692	0.0	0
1076	0.277874429066	0.275708704088	0.0	0
1077	0.302259806347	0.304098658363	0.0	0
1078	0.328240420504	0.33434581999	0.0	0
1079	0.355920628369	0.366571683324	0.0	0
1080	0.385411613563	0.400905690607	0.0	0
1081	0.41683183309	0.437485751905	0.0	0
1082	0.450307493151	0.476458799051	0.0	0
1083	0.485973056069	0.51798137583	0.0	0
1084	0.523971780394	0.562220266772	0.0	0
1085	0.564456296332	0.609353167079	0.0	0
1086	0.607589218814	0.659569396374	0.0	0
1087	0.653543800675	0.713070659149	0.0	0
1088	0.702504628566	0.77007185495	0.0	0
1089	0.754668364382	0.830801941575	0.0	0
1090	0.810244535201	0.895504854724	0.0	0
1091	0.869456374894	0.964440487831	0.0	0
1092	0.17700125526	0.194764491055	0.0	0
1093	0.193711667329	0.216362956991	0.0	0
1094	0.211515237204	0.239374346293	0.0	0
1095	0.230483476827	0.263891089249	0.0	0
1096	0.25069257629	0.29001166273	0.0	0
1097	0.272223709868	0.317840985745	0.0	0
1098	0.29516336208	0.347490840869	0.0	0
1099	0.319603675065	0.379080323242	0.0	0
1100	0.345642818698	0.412736318945	0.0	0
1101	0.373385384906	0.44859401466	0.0	0
1102	0.402942807786	0.486797440682	0.0	0
1103	0.434433811206	0.527500049443	0.0	0
1104	0.467984885682	0.570865331892	0.0	0
1105	0.503730796458	0.617067474191	0.0	0
1106	0.541815124819	0.66629205737	0.0	0
1107	0.582390844817	0.718736802755	0.0	0
1108	0.625620937724	0.774612366162	0.0	0
1109	0.671679046683	0.834143184036	0.0	0
1110	0.720750174183	0.897568374954	0.0	0
1111	0.773031425163	0.965142700097	0.0	0
1112	0.158155410351	0.209422859712	0.0	0
1113	0.172689061416	0.230628150891	0.0	0
1114	0.188173471449	0.253220644821	0.0	0
1115	0.204670836976	0.277291089207	0.0	0
1116	0.222247423282	0.302936168263	0.0	0
1117	0.240973830577	0.330258891069	0.0	0
1118	0.260925277581	0.359369005332	0.0	0
1119	0.282181903654	0.390383438203	0.0	0
1120	0.304829090692	0.423426765951	0.0	0
1121	0.328957806086	0.458631714343	0.0	0
1122	0.35466496811	0.496139691771	0.0	0
1123	0.382053835213	0.536101357245	0.0	0
1124	0.411234420785	0.578677225554	0.0	0
1125	0.442323935041	0.624038312004	0.0	0
1126	0.475447255829	0.67236681934	0.0	0
1127	0.510737430228	0.723856869604	0.0	0
1128	0.548336208957	0.778715283868	0.0	0
1129	0.588394615751	0.837162412976	0.0	0
1130	0.631073553981	0.899433022632	0.0	0
1131	0.676544452955	0.965777236387	0.0	0
1132	0.138027708666	0.22239189787	0.0	0
1133	0.15041898139	0.243249326434	0.0	0
1134	0.163620863478	0.265471201356	0.0	0
1135	0.177686383185	0.289146781666	0.0	0
1136	0.192672037752	0.314371165521	0.0	0
1137	0.208638020345	0.341245672187	0.0	0
1138	0.225648461833	0.369878249011	0.0	0
1139	0.243771688382	0.400383905012	0.0	0
1140	0.263080495904	0.432885172844	0.0	0
1141	0.283652442456	0.467512600972	0.0	0
1142	0.305570159769	0.50440527805	0.0	0
1143	0.32892168516	0.543711391601	0.0	0
1144	0.353800815147	0.585588823246	0.0	0
1145	0.38030748221	0.630205782866	0.0	0
1146	0.408548156184	0.677741484259	0.0	0
1147	0.438636271928	0.728386864987	0.0	0
1148	0.470692684953	0.782345353321	0.0	0
1149	0.504846156866	0.839833685357	0.0	0
1150	0.541233872573	0.901082775579	0.0	0
1151	0.580001991309	0.966338644382	0.0	0
1152	0.116780083856	0.233560167713	0.0	0
1153	0.127059017427	0.254118034853	0.0	0
1154	0.138010375856	0.276020751712	0.0	0
1155	0.149678147676	0.299356295352	0.0	0
1156	0.162109199049	0.324218398098	0.0	0
1157	0.175353462018	0.350706924035	0.0	0
1158	0.189464135067	0.378928270133	0.0	0
1159	0.204497896807	0.408995793613	0.0	0
1160	0.220515133637	0.441030267274	0.0	0
1161	0.2375801823	0.4751603646	0.0	0
1162	0.255761588303	0.511523176606	0.0	0
1163	0.275132381249	0.550264762497	0.0	0
1164	0.295770368172	0.591540736344	0.0	0
1165	0.31775844607	0.635516892141	0.0	0
1166	0.341184934878	0.682369869757	0.0	0
1167	0.366143932222	0.732287864444	0.0	0
1168	0.392735691385	0.78547138277	0.0	0
1169	0.421067023995	0.842134047991	0.0	0
1170	0.45125172906	0.90250345812	0.0	0
1171	0.483411050062	0.966822100125	0.0	0
1172	0.094584092627	0.242831704716	0.0	0
1173	0.102776124645	0.263140885635	0.0	0
1174	0.111504061088	0.284778647776	0.0	0
1175	0.120802959625	0.307831903952	0.0	0
1176	0.130710171319	0.33239325262	0.0	0
1177	0.141265490658	0.358561349819	0.0	0
1178	0.152511315396	0.386441305446	0.0	0
1179	0.164492816851	0.416145105455	0.0	0
1180	0.177258121352	0.447792061668	0.0	0
1181	0.19085850354	0.48150929102	0.0	0
1182	0.205348592332	0.517432226153	0.0	0
1183	0.220786590345	0.555705159409	0.0	0
1184	0.237234507682	0.596481822412	0.0	0
1185	0.254758411007	0.639926003567	0.0	0
1186	0.273428688919	0.686212205948	0.0	0
1187	0.293320334681	0.735526348232	0.0	0
1188	0.314513247448	0.788066511479	0.0	0
1189	0.337092553198	0.844043734771	0.0	0
1190	0.361148946663	0.903682862892	0.0	0
1191	0.386779055618	0.967223449472	0.0	0
1192	0.071619440621	0.250126842231	0.0	0
1193	0.077745188526	0.270240348993	0.0	0
1194	0.084271669167	0.291669636411	0.0	0
1195	0.091225097585	0.314500779915	0.0	0
1196	0.098633403747	0.338825485794	0.0	0
1197	0.106526344739	0.364741459563	0.0	0
1198	0.11493562429	0.39235279841	0.0	0
1199	0.123895020112	0.421770409328	0.0	0
1200	0.133440519584	0.4531124546	0.0	0
1201	0.143610464295	0.486504826419	0.0	0
1202	0.154445704058	0.522081652564	0.0	0
1203	0.165989760988	0.559985835157	0.0	0
1204	0.178289004319	0.600369624653	0.0	0
1205	0.191392836658	0.643395231393	0.0	0
1206	0.205353892419	0.689235477158	0.0	0
1207	0.220228249244	0.73807448934	0.0	0
1208	0.236075653245	0.790108440536	0.0	0
1209	0.252959758995	0.845546336515	0.0	0
1210	0.270948385204	0.904610855737	0.0	0
1211	0.290113787132	0.967539243787	0.0	0
1212	0.04807243828	0.255382896025	0.0	0
1213	0.05214752219	0.275355422047	0.0	0
1214	0.056489188982	0.296634506079	0.0	0
1215	0.06111487791	0.319305620226	0.0	0
1216	0.066043169069	0.343459827987	0.0	0
1217	0.07129385802	0.369194150032	0.0	0
1218	0.076888035307	0.396611953904	0.0	0
1219	0.082848171167	0.425823369223	0.0	0
1220	0.089198205794	0.456945730039	0.0	0
1221	0.095963645493	0.490104046137	0.0	0
1222	0.103171665134	0.52543150516	0.0	0
1223	0.11085121731	0.563070007589	0.0	0
1224	0.119033148624	0.60317073672	0.0	0
1225	0.127750323597	0.645894765918	0.0	0
1226	0.137037756672	0.691413705612	0.0	0
1227	0.14693275286	0.739910392599	0.0	0
1228	0.157475057582	0.79157962445	0.0	0
1229	0.168707016315	0.846628941961	0.0	0
1230	0.180673744683	0.905279462778	0.0	0
1231	0.193423309673	0.967766769575	0.0	0
1232	0.024134399951	0.258554702909	0.0	0
1233	0.026169308447	0.278442152997	0.0	0
1234	0.028337336109	0.299630595617	0.0	0
1235	0.030647191294	0.322205138795	0.0	0
1236	0.033108152042	0.346256458129	0.0	0
1237	0.035730103342	0.371881161016	0.0	0
1238	0.038523576836	0.39918217469	0.0	0
1239	0.041499793121	0.428269159657	0.0	0
1240	0.044670706824	0.459258950166	0.0	0
1241	0.048049054614	0.492276023503	0.0	0
1242	0.051648406365	0.52745299998	0.0	0
1243	0.055483219662	0.564931175631	0.0	0
1244	0.059568897874	0.604861089764	0.0	0
1245	0.063921852022	0.64740312963	0.0	0
1246	0.068559566701	0.692728174656	0.0	0
1247	0.073500670309	0.741018282819	0.0	0
1248	0.07876500987	0.792467421921	0.0	0
1249	0.084373730759	0.847282248707	0.0	0
1250	0.090349361632	0.905682938941	0.0	0
1251	0.09671590492	0.967904071796	0.0	0
1252	-1.369987e-017	0.2596150088	0.0	0
1253	-1.333241e-017	0.279474018785	0.0	0
1254	-1.294090e-017	0.300632160815	0.0	0
1255	-1.252379e-017	0.323174421204	0.0	0
1256	-1.207939e-017	0.347191345883	0.0	0
1257	-1.160591e-017	0.372779404093	0.0	0
1258	-1.110146e-017	0.400041375877	0.0	0
1259	-1.056402e-017	0.429086764921	0.0	0
1260	-9.991411e-018	0.460032238395	0.0	0
1261	-9.381346e-018	0.493002095575	0.0	0
1262	-8.731372e-018	0.52812876712	0.0	0
1263	-8.038878e-018	0.565553347003	0.0	0
1264	-7.301083e-018	0.605426159252	0.0	0
1265	-6.515023e-018	0.647907361757	0.0	0
1266	-5.677540e-018	0.693167589577	0.0	0
1267	-4.785271e-018	0.741388640337	0.0	0
1268	-3.834633e-018	0.792764204457	0.0	0
1269	-2.821805e-018	0.847500643148	0.0	0
1270	-1.742720e-018	0.905817817315	0.0	0
1271	-5.930447e-019	0.967949970667	0.0	0
1272	0.192832846747	0.159108432258	0.0	0
1273	0.177271465066	0.176280536854	0.0	0
1274	0.160186859811	0.19193793253	0.0	0
1275	0.141725832238	0.205946081479	0.0	0
1276	0.122047010652	0.218184617219	0.0	0
1277	0.101319487384	0.228548378853	0.0	0
1278	0.07972136584	0.236948314678	0.0	0
1279	0.057438230137	0.243312247367	0.0	0
1280	0.034661550443	0.247585494165	0.0	0
1281	0.011587037758	0.249731336752	0.0	0
1282	0.212246630324	0.180668911788	0.0	0
1283	0.194520240488	0.197400723219	0.0	0
1284	0.175309682567	0.212656662902	0.0	0
1285	0.154757993827	0.226305642584	0.0	0
1286	0.133019735342	0.23823038198	0.0	0
1287	0.11025966391	0.248328416523	0.0	0
1288	0.086651316363	0.256512977796	0.0	0
1289	0.062375518435	0.262713739101	0.0	0
1290	0.037618830997	0.266877419751	0.0	0
1291	0.012571947012	0.268968242884	0.0	0
1292	0.232930420231	0.203639829698	0.0	0
1293	0.212897392245	0.219902544969	0.0	0
1294	0.191421806585	0.234730766306	0.0	0
1295	0.168642690298	0.247997080669	0.0	0
1296	0.144710271155	0.259587495866	0.0	0
1297	0.119784686801	0.269402420045	0.0	0
1298	0.094034608759	0.277357517445	0.0	0
1299	0.067635793098	0.28338443306	0.0	0
1300	0.040769570234	0.287431379989	0.0	0
1301	0.013621286827	0.289463584418	0.0	0
1302	0.254967297441	0.228113453713	0.0	0
1303	0.232476736194	0.243876385603	0.0	0
1304	0.208587949743	0.258248908216	0.0	0
1305	0.183435692578	0.27110752415	0.0	0
1306	0.15716557569	0.282341744407	0.0	0
1307	0.1299328154	0.291855037774	0.0	0
1308	0.101900899641	0.299565660287	0.0	0
1309	0.073240183172	0.305407357615	0.0	0
1310	0.044126423789	0.309329934364	0.0	0
1311	0.014739272107	0.311299685384	0.0	0
1312	0.278445777903	0.25418808751	0.0	0
1313	0.253336917061	0.269418541306	0.0	0
1314	0.226877063618	0.283305554402	0.0	0
1315	0.199196420002	0.295729801188	0.0	0
1316	0.170435678409	0.306584525027	0.0	0
1317	0.14074481189	0.31577645557	0.0	0
1318	0.11028178569	0.323226610195	0.0	0
1319	0.079211199917	0.328870972669	0.0	0
1320	0.047702875201	0.33266104322	0.0	0
1321	0.015930393486	0.334564255269	0.0	0
1322	0.303460168079	0.281968465568	0.0	0
1323	0.275561724335	0.296631607744	0.0	0
1324	0.246362610443	0.310001350376	0.0	0
1325	0.215988178987	0.321962812556	0.0	0
1326	0.184573881587	0.332413214169	0.0	0
1327	0.152264105023	0.34126275905	0.0	0
1328	0.119210930571	0.34843540656	0.0	0
1329	0.085572827233	0.353869524976	0.0	0
1330	0.051513290071	0.357518421068	0.0	0
1331	0.017199435363	0.359350741315	0.0	0
1332	0.330110943748	0.311566173865	0.0	0
1333	0.299240428825	0.325624892163	0.0	0
1334	0.267122858189	0.338443525654	0.0	0
1335	0.233878417312	0.349911928892	0.0	0
1336	0.199636974416	0.359931558424	0.0	0
1337	0.164536964565	0.368416319538	0.0	0
1338	0.128724200153	0.375293306038	0.0	0
1339	0.092350617987	0.380503426698	0.0	0
1340	0.055572973764	0.384001913015	0.0	0
1341	0.018551495123	0.385758703877	0.0	0
1342	0.358505153594	0.343100098084	0.0	0
1343	0.324468141236	0.356514852444	0.0	0
1344	0.289241194939	0.368746324465	0.0	0
1345	0.252938995041	0.379689413948	0.0	0
1346	0.215685461109	0.389250091252	0.0	0
1347	0.177612687147	0.39734620526	0.0	0
1348	0.138859806567	0.403908189267	0.0	0
1349	0.099571796664	0.408879658741	0.0	0
1350	0.059898232891	0.41221789581	0.0	0
1351	0.01999200361	0.413894216324	0.0	0
1352	0.388756849181	0.376696901142	0.0	0
1353	0.351346194206	0.389425564883	0.0	0
1354	0.312806463842	0.401031464644	0.0	0
1355	0.273246473161	0.411414875519	0.0	0
1356	0.23278380393	0.420486576966	0.0	0
1357	0.191543794274	0.428168619444	0.0	0
1358	0.149658461698	0.434394994199	0.0	0
1359	0.107265368709	0.439112200458	0.0	0
1360	0.064506440802	0.442279705132	0.0	0
1361	0.021526746943	0.443870291107	0.0	0
1362	0.420987543077	0.412491531961	0.0	0
1363	0.379982549324	0.424489222569	0.0	0
1364	0.337913319964	0.43542862653	0.0	0
1365	0.29488242111	0.445215745874	0.0	0
1366	0.251000682122	0.453766483757	0.0	0
1367	0.206386243292	0.46100736707	0.0	0
1368	0.161163540711	0.466876177767	0.0	0
1369	0.115462237041	0.47132248748	0.0	0
1370	0.069416107374	0.474308090828	0.0	0
1371	0.023161889755	0.475807333702	0.0	0
1372	0.455326696927	0.450627767523	0.0	0
1373	0.410492230787	0.461846666367	0.0	0
1374	0.364662610496	0.472075973864	0.0	0
1375	0.317933744414	0.481227793618	0.0	0
1376	0.270409267767	0.489223487664	0.0	0
1377	0.222199652148	0.495994352166	0.0	0
1378	0.173421256277	0.501482207763	0.0	0
1379	0.124195326178	0.505639899484	0.0	0
1380	0.07464695336	0.508431701927	0.0	0
1381	0.024903999954	0.509833626239	0.0	0
1382	0.491912241468	0.491258790374	0.0	0
1383	0.442997787418	0.50164795064	0.0	0
1384	0.393161779825	0.511120708747	0.0	0
1385	0.342493033765	0.519595669033	0.0	0
1386	0.291087519704	0.527000009515	0.0	0
1387	0.239047538866	0.533270107626	0.0	0
1388	0.186480844198	0.538352086892	0.0	0
1389	0.133499714486	0.542202279876	0.0	0
1390	0.080219989598	0.544787603392	0.0	0
1391	0.026760075109	0.546085842779	0.0	0
1392	0.530891130558	0.534547803923	0.0	0
1393	0.477629784908	0.544052945967	0.0	0
1394	0.423525301112	0.552719662916	0.0	0
1395	0.368658936931	0.560473485099	0.0	0
1396	0.313118496663	0.567247786989	0.0	0
1397	0.256997576676	0.57298435969	0.0	0
1398	0.20039476117	0.577633911103	0.0	0
1399	0.143412775081	0.58115648947	0.0	0
1400	0.086157601411	0.58352182667	0.0	0
1401	0.028737570551	0.584709598296	0.0	0
1402	0.572419931449	0.58066868798	0.0	0
1403	0.514527330266	0.589231981307	0.0	0
1404	0.455875136094	0.597039927686	0.0	0
1405	0.396536554998	0.604025436523	0.0	0
1406	0.336590690893	0.610128484105	0.0	0
1407	0.276121865839	0.615296629357	0.0	0
1408	0.21521889549	0.619485464453	0.0	0
1409	0.153974325943	0.622658996388	0.0	0
1410	0.092483638516	0.624789956258	0.0	0
1411	0.030844429326	0.625860033569	0.0	0
1412	0.616665453671	0.629806697186	0.0	0
1413	0.55383863057	0.637366528156	0.0	0
1414	0.490341224974	0.644259525114	0.0	0
1415	0.426237864527	0.650426459265	0.0	0
1416	0.361598383604	0.655814340581	0.0	0
1417	0.296497223252	0.660376873131	0.0	0
1418	0.231012791544	0.664074852878	0.0	0
1419	0.165226789855	0.666876504543	0.0	0
1420	0.09922351083	0.668757754643	0.0	0
1421	0.033089114092	0.66970243834	0.0	0
1422	0.66380541906	0.682159205122	0.0	0
1423	0.595721588272	0.688649929472	0.0	0
1424	0.527062008351	0.694568123063	0.0	0
1425	0.457882167339	0.6998629332	0.0	0
1426	0.388242023677	0.704488863673	0.0	0
1427	0.318205491005	0.708406165692	0.0	0
1428	0.247839888976	0.711581179429	0.0	0
1429	0.177215364805	0.713986623249	0.0	0
1430	0.106404290525	0.715601828123	0.0	0
1431	0.035480641118	0.716412915236	0.0	0
1432	0.71402917562	0.737936497111	0.0	0
1433	0.640344435453	0.743288176275	0.0	0
1434	0.5661849833	0.748167797042	0.0	0
1435	0.491596569711	0.752533430762	0.0	0
1436	0.416628631131	0.75634756527	0.0	0
1437	0.341333865113	0.759577427218	0.0	0
1438	0.26576777751	0.76219526368	0.0	0
1439	0.189988205532	0.764178580622	0.0	0
1440	0.114054820778	0.765510336186	0.0	0
1441	0.038028616498	0.766179087125	0.0	0
1442	0.767538458077	0.797362614871	0.0	0
1443	0.687886409556	0.801500735059	0.0	0
1444	0.607867295823	0.805273841889	0.0	0
1445	0.527516492929	0.808649514547	0.0	0
1446	0.446872226996	0.811598747213	0.0	0
1447	0.36597524576	0.814096198298	0.0	0
1448	0.284868468441	0.816120408191	0.0	0
1449	0.203596616951	0.817653983659	0.0	0
1450	0.12220583162	0.818683747294	0.0	0
1451	0.040743274731	0.819200850744	0.0	0
1452	0.824548198189	0.860676256428	0.0	0
1453	0.738538473342	0.863521429325	0.0	0
1454	0.652276372066	0.866115636549	0.0	0
1455	0.565786217237	0.868436587106	0.0	0
1456	0.479094291302	0.870464337984	0.0	0
1457	0.392228610451	0.872181465523	0.0	0
1458	0.305218683879	0.873573215125	0.0	0
1459	0.218095260227	0.874627628037	0.0	0
1460	0.130890063373	0.875335644105	0.0	0
1461	0.043635519838	0.875691179626	0.0	0
1462	0.885287388074	0.9281317349	0.0	0
1463	0.792504081925	0.929599378783	0.0	0
1464	0.699590590815	0.930937565425	0.0	0
1465	0.60655946137	0.932134796317	0.0	0
1466	0.513424251035	0.933180784129	0.0	0
1467	0.42019941158	0.934066541101	0.0	0
1468	0.326900164925	0.934784456273	0.0	0
1469	0.23354237234	0.935328360885	0.0	0
1470	0.140142398156	0.935693581379	0.0	0
1471	0.046716969156	0.93587697956	0.0	0
1472	0.95	1.0	0.0	0
1473	0.85	1.0	0.0	0
1474	0.75	1.0	0.0	0
1475	0.65	1.0	0.0	0
1476	0.55	1.0	0.0	0
1477	0.45	1.0	0.0	0
1478	0.35	1.0	0.0	0
1479	0.25	1.0	0.0	0
1480	0.15	1.0	0.0	0
1481	0.05	1.0	0.0	0
1482	0.202539738535	0.169888672023	0.0	0
1483	0.222588525278	0.192154370743	0.0	0
1484	0.243948858836	0.215876641705	0.0	0
1485	0.266706537672	0.241150770611	0.0	0
1486	0.290952972991	0.268078276539	0.0	0
1487	0.316785555913	0.296767319717	0.0	0
1488	0.344308048671	0.327333135975	0.0	0
1489	0.373631001387	0.359898499613	0.0	0
1490	0.404872196129	0.394594216552	0.0	0
1491	0.438157120002	0.431559649742	0.0	0
1492	0.473619469197	0.470943278948	0.0	0
1493	0.511401686013	0.512903297148	0.0	0
1494	0.551655531004	0.557608245952	0.0	0
1495	0.59454269256	0.605237692583	0.0	0
1496	0.640235436365	0.655982951154	0.0	0
1497	0.68891729734	0.710047851116	0.0	0
1498	0.740783816848	0.767649555991	0.0	0
1499	0.796043328133	0.82901943565	0.0	0
1500	0.854917793132	0.894403995664	0.0	0
1501	0.917643694037	0.96406586745	0.0	0
1502	0.185895852777	0.186840630036	0.0	0
1503	0.203708816367	0.208651634094	0.0	0
1504	0.22268706422	0.231889465286	0.0	0
1505	0.242906826628	0.256647463454	0.0	0
1506	0.264449320698	0.283025074525	0.0	0
1507	0.28740107658	0.311128249953	0.0	0
1508	0.31185428503	0.341069872303	0.0	0
1509	0.337907167721	0.372970208663	0.0	0
1510	0.365664371765	0.406957393726	0.0	0
1511	0.395237390056	0.443167944468	0.0	0
1512	0.426745009103	0.481747308504	0.0	0
1513	0.460313786163	0.522850448303	0.0	0
1514	0.496078557587	0.566642463637	0.0	0
1515	0.534182980418	0.613299254731	0.0	0
1516	0.574780109421	0.663008228814	0.0	0
1517	0.618033011862	0.715969052873	0.0	0
1518	0.664115422504	0.772394455667	0.0	0
1519	0.713212441449	0.832511082192	0.0	0
1520	0.765521277633	0.896560404054	0.0	0
1521	0.821252040963	0.964799689391	0.0	0
1522	0.167748271189	0.202297297716	0.0	0
1523	0.183365744576	0.223693714604	0.0	0
1524	0.200004878164	0.246489837261	0.0	0
1525	0.217732506681	0.270777231309	0.0	0
1526	0.236619837031	0.296653452389	0.0	0
1527	0.256742734316	0.324222438015	0.0	0
1528	0.278182026564	0.35359492506	0.0	0
1529	0.30102382939	0.384888894554	0.0	0
1530	0.325359891903	0.418230045587	0.0	0
1531	0.35128796523	0.453752300197	0.0	0
1532	0.37891219516	0.491598341305	0.0	0
1533	0.408343540469	0.531920185832	0.0	0
1534	0.439700218603	0.574879795301	0.0	0
1535	0.473108180534	0.6206497264	0.0	0
1536	0.508701616662	0.669413824089	0.0	0
1537	0.546623495825	0.721367960053	0.0	0
1538	0.587026139562	0.776720819466	0.0	0
1539	0.630071833945	0.835694739219	0.0	0
1540	0.675933481441	0.898526600987	0.0	0
1541	0.724795295408	0.965468782712	0.0	0
1542	0.148241913032	0.216125862031	0.0	0
1543	0.161700342062	0.237151361626	0.0	0
1544	0.176039191438	0.25955230241	0.0	0
1545	0.19131605629	0.283418662669	0.0	0
1546	0.207592299494	0.308846306872	0.0	0
1547	0.224933298149	0.335937370724	0.0	0
1548	0.243408706176	0.36480067142	0.0	0
1549	0.263092734101	0.395552144733	0.0	0
1550	0.284064447136	0.428315310696	0.0	0
1551	0.306408082762	0.463221769746	0.0	0
1552	0.330213389089	0.500411731325	0.0	0
1553	0.355575985348	0.540034577066	0.0	0
1554	0.382597745964	0.582249460811	0.0	0
1555	0.411387209762	0.627225947894	0.0	0
1556	0.442060015933	0.675144696232	0.0	0
1557	0.474739368525	0.726198181981	0.0	0
1558	0.50955653132	0.780591472655	0.0	0
1559	0.546651355083	0.838543050827	0.0	0
1560	0.586172839303	0.900285691712	0.0	0
1561	0.628279730685	0.966067398159	0.0	0
1562	0.127533372997	0.228207499599	0.0	0
1563	0.138865003248	0.248908938923	0.0	0
1564	0.150937923423	0.270964620137	0.0	0
1565	0.16380062705	0.294463134717	0.0	0
1566	0.177504779998	0.319498869598	0.0	0
1567	0.192105428001	0.346172386297	0.0	0
1568	0.207661217762	0.374590824838	0.0	0
1569	0.22423463252	0.404868334109	0.0	0
1570	0.241892243026	0.437126530362	0.0	0
1571	0.260704974945	0.471494985711	0.0	0
1572	0.280748393736	0.50811174859	0.0	0
1573	0.302103008184	0.547123898252	0.0	0
1574	0.324854593778	0.588688135547	0.0	0
1575	0.349094537249	0.632971412343	0.0	0
1576	0.374920203641	0.680151602127	0.0	0
1577	0.402435327404	0.730418214472	0.0	0
1578	0.431750429063	0.783973156242	0.0	0
1579	0.462983259149	0.841031542599	0.0	0
1580	0.496259271169	0.901822561057	0.0	0
1581	0.531712125517	0.966590392065	0.0	0
1582	0.105789575647	0.238438397688	0.0	0
1583	0.115022175355	0.258865418284	0.0	0
1584	0.124858751101	0.28062872891	0.0	0
1585	0.135338813645	0.303815746672	0.0	0
1586	0.146504458456	0.32851960731	0.0	0
1587	0.158400534794	0.354839539294	0.0	0
1588	0.171074825856	0.382881262399	0.0	0
1589	0.184578240711	0.412757412352	0.0	0
1590	0.198965018783	0.444587993257	0.0	0
1591	0.21429294772	0.478500859618	0.0	0
1592	0.230623595507	0.514632229896	0.0	0
1593	0.248022557771	0.553127233658	0.0	0
1594	0.266559721257	0.594140494524	0.0	0
1595	0.286309544545	0.637836751244	0.0	0
1596	0.307351357129	0.684391519412	0.0	0
1597	0.329769678059	0.733991796455	0.0	0
1598	0.353654555437	0.786836812758	0.0	0
1599	0.379101928106	0.843138831911	0.0	0
1600	0.406214011016	0.903124003312	0.0	0
1601	0.43509970579	0.96703327055	0.0	0
1602	0.083186341102	0.246730646237	0.0	0
1603	0.090342962561	0.26693524762	0.0	0
1604	0.0979677542	0.288461588866	0.0	0
1605	0.106091342665	0.311396135241	0.0	0
1606	0.11474635813	0.335831008377	0.0	0
1607	0.123967565362	0.361864356299	0.0	0
1608	0.13379200336	0.389600747653	0.0	0
1609	0.144259134132	0.419151591733	0.0	0
1610	0.155411001204	0.450635585983	0.0	0
1611	0.167292398494	0.484179192765	0.0	0
1612	0.179951050237	0.519917147327	0.0	0
1613	0.193437802684	0.557992998997	0.0	0
1614	0.20780682833	0.598559687778	0.0	0
1615	0.223115843517	0.641780158665	0.0	0
1616	0.23942634026	0.687828016154	0.0	0
1617	0.256803833243	0.736888221555	0.0	0
1618	0.275318122975	0.789157835935	0.0	0
1619	0.29504357616	0.844846811658	0.0	0
1620	0.316059424402	0.904178835699	0.0	0
1621	0.338450082463	0.967392228137	0.0	0
1622	0.059906874286	0.253012993234	0.0	0
1623	0.065005655766	0.273049086081	0.0	0
1624	0.070437988135	0.294395895337	0.0	0
1625	0.076225691545	0.317139165142	0.0	0
1626	0.082392013575	0.341370248823	0.0	0
1627	0.08896172261	0.367186475837	0.0	0
1628	0.095961207326	0.39469154272	0.0	0
1629	0.103418582687	0.423995929599	0.0	0
1630	0.111363802875	0.455217343969	0.0	0
1631	0.119828781609	0.488481193482	0.0	0
1632	0.128847520332	0.52392108968	0.0	0
1633	0.138456244784	0.561679384673	0.0	0
1634	0.148693550512	0.601907742929	0.0	0
1635	0.159600557899	0.644767750465	0.0	0
1636	0.17122107733	0.690431563896	0.0	0
1637	0.183601785169	0.739082601935	0.0	0
1638	0.196792411242	0.79091628214	0.0	0
1639	0.210845938589	0.846140805848	0.0	0
1640	0.225818816283	0.904977994461	0.0	0
1641	0.24177118617	0.967664180442	0.0	0
1642	0.03614019072	0.257231456958	0.0	0
1643	0.039194200615	0.27715439987	0.0	0
1644	0.042447997011	0.298380657176	0.0	0
1645	0.045914649495	0.320995488792	0.0	0
1646	0.049608082636	0.345089732144	0.0	0
1647	0.053543131917	0.370760167041	0.0	0
1648	0.057735603327	0.398109904412	0.0	0
1649	0.062202336846	0.427248800471	0.0	0
1650	0.066961274088	0.45829389798	0.0	0
1651	0.072031530367	0.491369896377	0.0	0
1652	0.077433471479	0.52660965266	0.0	0
1653	0.083188795504	0.564154715031	0.0	0
1654	0.089320619963	0.604155891464	0.0	0
1655	0.095853574673	0.646773855451	0.0	0
1656	0.102813900677	0.692179791383	0.0	0
1657	0.110229555652	0.740556082155	0.0	0
1658	0.118130326199	0.79209704174	0.0	0
1659	0.126547947496	0.847009695699	0.0	0
1660	0.135516230764	0.905514612742	0.0	0
1661	0.145071199078	0.967846790689	0.0	0
1662	0.012079492385	0.259349789818	0.0	0
1663	0.013096616919	0.279215913651	0.0	0
1664	0.014180279467	0.300381634901	0.0	0
1665	0.015334832797	0.322931970327	0.0	0
1666	0.016564914425	0.346957498292	0.0	0
1667	0.017875465243	0.372554722596	0.0	0
1668	0.019271749367	0.399826460101	0.0	0
1669	0.020759375277	0.428882253716	0.0	0
1670	0.022344318349	0.459838812405	0.0	0
1671	0.024032944854	0.49282047997	0.0	0
1672	0.025832037531	0.527959734509	0.0	0
1673	0.02774882283	0.565397720538	0.0	0
1674	0.029790999938	0.605284815933	0.0	0
1675	0.031966771709	0.647781235954	0.0	0
1676	0.034284877605	0.693057676788	0.0	0
1677	0.036754628808	0.74129600118	0.0	0
1678	0.039385945614	0.792689968934	0.0	0
1679	0.042189397285	0.847446015185	0.0	0
1680	0.045176244497	0.905784079593	0.0	0
1681	0.048358484578	0.96793848978	0.0	0
