1	1	2	8	7	187	372	192	342	0
2	2	3	9	8	188	402	193	372	0
3	3	4	10	9	189	432	194	402	0
4	4	5	11	10	190	462	195	432	0
5	5	6	12	11	191	492	196	462	0
6	7	8	14	13	192	373	197	343	0
7	8	9	15	14	193	403	198	373	0
8	9	10	16	15	194	433	199	403	0
9	10	11	17	16	195	463	200	433	0
10	11	12	18	17	196	493	201	463	0
11	13	14	20	19	197	374	202	344	0
12	14	15	21	20	198	404	203	374	0
13	15	16	22	21	199	434	204	404	0
14	16	17	23	22	200	464	205	434	0
15	17	18	24	23	201	494	206	464	0
16	19	20	26	25	202	375	207	345	0
17	20	21	27	26	203	405	208	375	0
18	21	22	28	27	204	435	209	405	0
19	22	23	29	28	205	465	210	435	0
20	23	24	30	29	206	495	211	465	0
21	25	26	32	31	207	376	212	346	0
22	26	27	33	32	208	406	213	376	0
23	27	28	34	33	209	436	214	406	0
24	28	29	35	34	210	466	215	436	0
25	29	30	36	35	211	496	216	466	0
26	31	32	38	37	212	377	217	347	0
27	32	33	39	38	213	407	218	377	0
28	33	34	40	39	214	437	219	407	0
29	34	35	41	40	215	467	220	437	0
30	35	36	42	41	216	497	221	467	0
31	37	38	44	43	217	378	222	348	0
32	38	39	45	44	218	408	223	378	0
33	39	40	46	45	219	438	224	408	0
34	40	41	47	46	220	468	225	438	0
35	41	42	48	47	221	498	226	468	0
36	43	44	50	49	222	379	227	349	0
37	44	45	51	50	223	409	228	379	0
38	45	46	52	51	224	439	229	409	0
39	46	47	53	52	225	469	230	439	0
40	47	48	54	53	226	499	231	469	0
41	49	50	56	55	227	380	232	350	0
42	50	51	57	56	228	410	233	380	0
43	51	52	58	57	229	440	234	410	0
44	52	53	59	58	230	470	235	440	0
45	53	54	60	59	231	500	236	470	0
46	55	56	62	61	232	381	237	351	0
47	56	57	63	62	233	411	238	381	0
48	57	58	64	63	234	441	239	411	0
49	58	59	65	64	235	471	240	441	0
50	59	60	66	65	236	501	241	471	0
51	61	62	68	67	237	382	242	352	0
52	62	63	69	68	238	412	243	382	0
53	63	64	70	69	239	442	244	412	0
54	64	65	71	70	240	472	245	442	0
55	65	66	72	71	241	502	246	472	0
56	67	68	74	73	242	383	247	353	0
57	68	69	75	74	243	413	248	383	0
58	69	70	76	75	244	443	249	413	0
59	70	71	77	76	245	473	250	443	0
60	71	72	78	77	246	503	251	473	0
61	73	74	80	79	247	384	252	354	0
62	74	75	81	80	248	414	253	384	0
63	75	76	82	81	249	444	254	414	0
64	76	77	83	82	250	474	255	444	0
65	77	78	84	83	251	504	256	474	0
66	79	80	86	85	252	385	257	355	0
67	80	81	87	86	253	415	258	385	0
68	81	82	88	87	254	445	259	415	0
69	82	83	89	88	255	475	260	445	0
70	83	84	90	89	256	505	261	475	0
71	85	86	92	91	257	386	262	356	0
72	86	87	93	92	258	416	263	386	0
73	87	88	94	93	259	446	264	416	0
74	88	89	95	94	260	476	265	446	0
75	89	90	96	95	261	506	266	476	0
76	91	92	98	97	262	387	267	357	0
77	92	93	99	98	263	417	268	387	0
78	93	94	100	99	264	447	269	417	0
79	94	95	101	100	265	477	270	447	0
80	95	96	102	101	266	507	271	477	0
81	97	98	104	103	267	388	272	358	0
82	98	99	105	104	268	418	273	388	0
83	99	100	106	105	269	448	274	418	0
84	100	101	107	106	270	478	275	448	0
85	101	102	108	107	271	508	276	478	0
86	103	104	110	109	272	389	277	359	0
87	104	105	111	110	273	419	278	389	0
88	105	106	112	111	274	449	279	419	0
89	106	107	113	112	275	479	280	449	0
90	107	108	114	113	276	509	281	479	0
91	109	110	116	115	277	390	282	360	0
92	110	111	117	116	278	420	283	390	0
93	111	112	118	117	279	450	284	420	0
94	112	113	119	118	280	480	285	450	0
95	113	114	120	119	281	510	286	480	0
96	115	116	122	121	282	391	287	361	0
97	116	117	123	122	283	421	288	391	0
98	117	118	124	123	284	451	289	421	0
99	118	119	125	124	285	481	290	451	0
100	119	120	126	125	286	511	291	481	0
101	121	122	128	127	287	392	292	362	0
102	122	123	129	128	288	422	293	392	0
103	123	124	130	129	289	452	294	422	0
104	124	125	131	130	290	482	295	452	0
105	125	126	132	131	291	512	296	482	0
106	127	128	134	133	292	393	297	363	0
107	128	129	135	134	293	423	298	393	0
108	129	130	136	135	294	453	299	423	0
109	130	131	137	136	295	483	300	453	0
110	131	132	138	137	296	513	301	483	0
111	133	134	140	139	297	394	302	364	0
112	134	135	141	140	298	424	303	394	0
113	135	136	142	141	299	454	304	424	0
114	136	137	143	142	300	484	305	454	0
115	137	138	144	143	301	514	306	484	0
116	139	140	146	145	302	395	307	365	0
117	140	141	147	146	303	425	308	395	0
118	141	142	148	147	304	455	309	425	0
119	142	143	149	148	305	485	310	455	0
120	143	144	150	149	306	515	311	485	0
121	145	146	152	151	307	396	312	366	0
122	146	147	153	152	308	426	313	396	0
123	147	148	154	153	309	456	314	426	0
124	148	149	155	154	310	486	315	456	0
125	149	150	156	155	311	516	316	486	0
126	151	152	158	157	312	397	317	367	0
127	152	153	159	158	313	427	318	397	0
128	153	154	160	159	314	457	319	427	0
129	154	155	161	160	315	487	320	457	0
130	155	156	162	161	316	517	321	487	0
131	157	158	164	163	317	398	322	368	0
132	158	159	165	164	318	428	323	398	0
133	159	160	166	165	319	458	324	428	0
134	160	161	167	166	320	488	325	458	0
135	161	162	168	167	321	518	326	488	0
136	163	164	170	169	322	399	327	369	0
137	164	165	171	170	323	429	328	399	0
138	165	166	172	171	324	459	329	429	0
139	166	167	173	172	325	489	330	459	0
140	167	168	174	173	326	519	331	489	0
141	169	170	176	175	327	400	332	370	0
142	170	171	177	176	328	430	333	400	0
143	171	172	178	177	329	460	334	430	0
144	172	173	179	178	330	490	335	460	0
145	173	174	180	179	331	520	336	490	0
146	175	176	182	181	332	401	337	371	0
147	176	177	183	182	333	431	338	401	0
148	177	178	184	183	334	461	339	431	0
149	178	179	185	184	335	491	340	461	0
150	179	180	186	185	336	521	341	491	0
151	522	523	528	527	677	862	682	832	0
152	523	524	529	528	678	892	683	862	0
153	524	525	530	529	679	922	684	892	0
154	525	526	531	530	680	952	685	922	0
155	526	186	180	531	681	521	686	952	0
156	527	528	533	532	682	863	687	833	0
157	528	529	534	533	683	893	688	863	0
158	529	530	535	534	684	923	689	893	0
159	530	531	536	535	685	953	690	923	0
160	531	180	174	536	686	520	691	953	0
161	532	533	538	537	687	864	692	834	0
162	533	534	539	538	688	894	693	864	0
163	534	535	540	539	689	924	694	894	0
164	535	536	541	540	690	954	695	924	0
165	536	174	168	541	691	519	696	954	0
166	537	538	543	542	692	865	697	835	0
167	538	539	544	543	693	895	698	865	0
168	539	540	545	544	694	925	699	895	0
169	540	541	546	545	695	955	700	925	0
170	541	168	162	546	696	518	701	955	0
171	542	543	548	547	697	866	702	836	0
172	543	544	549	548	698	896	703	866	0
173	544	545	550	549	699	926	704	896	0
174	545	546	551	550	700	956	705	926	0
175	546	162	156	551	701	517	706	956	0
176	547	548	553	552	702	867	707	837	0
177	548	549	554	553	703	897	708	867	0
178	549	550	555	554	704	927	709	897	0
179	550	551	556	555	705	957	710	927	0
180	551	156	150	556	706	516	711	957	0
181	552	553	558	557	707	868	712	838	0
182	553	554	559	558	708	898	713	868	0
183	554	555	560	559	709	928	714	898	0
184	555	556	561	560	710	958	715	928	0
185	556	150	144	561	711	515	716	958	0
186	557	558	563	562	712	869	717	839	0
187	558	559	564	563	713	899	718	869	0
188	559	560	565	564	714	929	719	899	0
189	560	561	566	565	715	959	720	929	0
190	561	144	138	566	716	514	721	959	0
191	562	563	568	567	717	870	722	840	0
192	563	564	569	568	718	900	723	870	0
193	564	565	570	569	719	930	724	900	0
194	565	566	571	570	720	960	725	930	0
195	566	138	132	571	721	513	726	960	0
196	567	568	573	572	722	871	727	841	0
197	568	569	574	573	723	901	728	871	0
198	569	570	575	574	724	931	729	901	0
199	570	571	576	575	725	961	730	931	0
200	571	132	126	576	726	512	731	961	0
201	572	573	578	577	727	872	732	842	0
202	573	574	579	578	728	902	733	872	0
203	574	575	580	579	729	932	734	902	0
204	575	576	581	580	730	962	735	932	0
205	576	126	120	581	731	511	736	962	0
206	577	578	583	582	732	873	737	843	0
207	578	579	584	583	733	903	738	873	0
208	579	580	585	584	734	933	739	903	0
209	580	581	586	585	735	963	740	933	0
210	581	120	114	586	736	510	741	963	0
211	582	583	588	587	737	874	742	844	0
212	583	584	589	588	738	904	743	874	0
213	584	585	590	589	739	934	744	904	0
214	585	586	591	590	740	964	745	934	0
215	586	114	108	591	741	509	746	964	0
216	587	588	593	592	742	875	747	845	0
217	588	589	594	593	743	905	748	875	0
218	589	590	595	594	744	935	749	905	0
219	590	591	596	595	745	965	750	935	0
220	591	108	102	596	746	508	751	965	0
221	592	593	598	597	747	876	752	846	0
222	593	594	599	598	748	906	753	876	0
223	594	595	600	599	749	936	754	906	0
224	595	596	601	600	750	966	755	936	0
225	596	102	96	601	751	507	756	966	0
226	597	598	603	602	752	877	757	847	0
227	598	599	604	603	753	907	758	877	0
228	599	600	605	604	754	937	759	907	0
229	600	601	606	605	755	967	760	937	0
230	601	96	90	606	756	506	761	967	0
231	602	603	608	607	757	878	762	848	0
232	603	604	609	608	758	908	763	878	0
233	604	605	610	609	759	938	764	908	0
234	605	606	611	610	760	968	765	938	0
235	606	90	84	611	761	505	766	968	0
236	607	608	613	612	762	879	767	849	0
237	608	609	614	613	763	909	768	879	0
238	609	610	615	614	764	939	769	909	0
239	610	611	616	615	765	969	770	939	0
240	611	84	78	616	766	504	771	969	0
241	612	613	618	617	767	880	772	850	0
242	613	614	619	618	768	910	773	880	0
243	614	615	620	619	769	940	774	910	0
244	615	616	621	620	770	970	775	940	0
245	616	78	72	621	771	503	776	970	0
246	617	618	623	622	772	881	777	851	0
247	618	619	624	623	773	911	778	881	0
248	619	620	625	624	774	941	779	911	0
249	620	621	626	625	775	971	780	941	0
250	621	72	66	626	776	502	781	971	0
251	622	623	628	627	777	882	782	852	0
252	623	624	629	628	778	912	783	882	0
253	624	625	630	629	779	942	784	912	0
254	625	626	631	630	780	972	785	942	0
255	626	66	60	631	781	501	786	972	0
256	627	628	633	632	782	883	787	853	0
257	628	629	634	633	783	913	788	883	0
258	629	630	635	634	784	943	789	913	0
259	630	631	636	635	785	973	790	943	0
260	631	60	54	636	786	500	791	973	0
261	632	633	638	637	787	884	792	854	0
262	633	634	639	638	788	914	793	884	0
263	634	635	640	639	789	944	794	914	0
264	635	636	641	640	790	974	795	944	0
265	636	54	48	641	791	499	796	974	0
266	637	638	643	642	792	885	797	855	0
267	638	639	644	643	793	915	798	885	0
268	639	640	645	644	794	945	799	915	0
269	640	641	646	645	795	975	800	945	0
270	641	48	42	646	796	498	801	975	0
271	642	643	648	647	797	886	802	856	0
272	643	644	649	648	798	916	803	886	0
273	644	645	650	649	799	946	804	916	0
274	645	646	651	650	800	976	805	946	0
275	646	42	36	651	801	497	806	976	0
276	647	648	653	652	802	887	807	857	0
277	648	649	654	653	803	917	808	887	0
278	649	650	655	654	804	947	809	917	0
279	650	651	656	655	805	977	810	947	0
280	651	36	30	656	806	496	811	977	0
281	652	653	658	657	807	888	812	858	0
282	653	654	659	658	808	918	813	888	0
283	654	655	660	659	809	948	814	918	0
284	655	656	661	660	810	978	815	948	0
285	656	30	24	661	811	495	816	978	0
286	657	658	663	662	812	889	817	859	0
287	658	659	664	663	813	919	818	889	0
288	659	660	665	664	814	949	819	919	0
289	660	661	666	665	815	979	820	949	0
290	661	24	18	666	816	494	821	979	0
291	662	663	668	667	817	890	822	860	0
292	663	664	669	668	818	920	823	890	0
293	664	665	670	669	819	950	824	920	0
294	665	666	671	670	820	980	825	950	0
295	666	18	12	671	821	493	826	980	0
296	667	668	673	672	822	891	827	861	0
297	668	669	674	673	823	921	828	891	0
298	669	670	675	674	824	951	829	921	0
299	670	671	676	675	825	981	830	951	0
300	671	12	6	676	826	492	831	981	0
301	672	982	987	667	1137	1292	1142	861	0
302	982	983	988	987	1138	1322	1143	1292	0
303	983	984	989	988	1139	1352	1144	1322	0
304	984	985	990	989	1140	1382	1145	1352	0
305	985	986	991	990	1141	1412	1146	1382	0
306	667	987	992	662	1142	1293	1147	860	0
307	987	988	993	992	1143	1323	1148	1293	0
308	988	989	994	993	1144	1353	1149	1323	0
309	989	990	995	994	1145	1383	1150	1353	0
310	990	991	996	995	1146	1413	1151	1383	0
311	662	992	997	657	1147	1294	1152	859	0
312	992	993	998	997	1148	1324	1153	1294	0
313	993	994	999	998	1149	1354	1154	1324	0
314	994	995	1000	999	1150	1384	1155	1354	0
315	995	996	1001	1000	1151	1414	1156	1384	0
316	657	997	1002	652	1152	1295	1157	858	0
317	997	998	1003	1002	1153	1325	1158	1295	0
318	998	999	1004	1003	1154	1355	1159	1325	0
319	999	1000	1005	1004	1155	1385	1160	1355	0
320	1000	1001	1006	1005	1156	1415	1161	1385	0
321	652	1002	1007	647	1157	1296	1162	857	0
322	1002	1003	1008	1007	1158	1326	1163	1296	0
323	1003	1004	1009	1008	1159	1356	1164	1326	0
324	1004	1005	1010	1009	1160	1386	1165	1356	0
325	1005	1006	1011	1010	1161	1416	1166	1386	0
326	647	1007	1012	642	1162	1297	1167	856	0
327	1007	1008	1013	1012	1163	1327	1168	1297	0
328	1008	1009	1014	1013	1164	1357	1169	1327	0
329	1009	1010	1015	1014	1165	1387	1170	1357	0
330	1010	1011	1016	1015	1166	1417	1171	1387	0
331	642	1012	1017	637	1167	1298	1172	855	0
332	1012	1013	1018	1017	1168	1328	1173	1298	0
333	1013	1014	1019	1018	1169	1358	1174	1328	0
334	1014	1015	1020	1019	1170	1388	1175	1358	0
335	1015	1016	1021	1020	1171	1418	1176	1388	0
336	637	1017	1022	632	1172	1299	1177	854	0
337	1017	1018	1023	1022	1173	1329	1178	1299	0
338	1018	1019	1024	1023	1174	1359	1179	1329	0
339	1019	1020	1025	1024	1175	1389	1180	1359	0
340	1020	1021	1026	1025	1176	1419	1181	1389	0
341	632	1022	1027	627	1177	1300	1182	853	0
342	1022	1023	1028	1027	1178	1330	1183	1300	0
343	1023	1024	1029	1028	1179	1360	1184	1330	0
344	1024	1025	1030	1029	1180	1390	1185	1360	0
345	1025	1026	1031	1030	1181	1420	1186	1390	0
346	627	1027	1032	622	1182	1301	1187	852	0
347	1027	1028	1033	1032	1183	1331	1188	1301	0
348	1028	1029	1034	1033	1184	1361	1189	1331	0
349	1029	1030	1035	1034	1185	1391	1190	1361	0
350	1030	1031	1036	1035	1186	1421	1191	1391	0
351	622	1032	1037	617	1187	1302	1192	851	0
352	1032	1033	1038	1037	1188	1332	1193	1302	0
353	1033	1034	1039	1038	1189	1362	1194	1332	0
354	1034	1035	1040	1039	1190	1392	1195	1362	0
355	1035	1036	1041	1040	1191	1422	1196	1392	0
356	617	1037	1042	612	1192	1303	1197	850	0
357	1037	1038	1043	1042	1193	1333	1198	1303	0
358	1038	1039	1044	1043	1194	1363	1199	1333	0
359	1039	1040	1045	1044	1195	1393	1200	1363	0
360	1040	1041	1046	1045	1196	1423	1201	1393	0
361	612	1042	1047	607	1197	1304	1202	849	0
362	1042	1043	1048	1047	1198	1334	1203	1304	0
363	1043	1044	1049	1048	1199	1364	1204	1334	0
364	1044	1045	1050	1049	1200	1394	1205	1364	0
365	1045	1046	1051	1050	1201	1424	1206	1394	0
366	607	1047	1052	602	1202	1305	1207	848	0
367	1047	1048	1053	1052	1203	1335	1208	1305	0
368	1048	1049	1054	1053	1204	1365	1209	1335	0
369	1049	1050	1055	1054	1205	1395	1210	1365	0
370	1050	1051	1056	1055	1206	1425	1211	1395	0
371	602	1052	1057	597	1207	1306	1212	847	0
372	1052	1053	1058	1057	1208	1336	1213	1306	0
373	1053	1054	1059	1058	1209	1366	1214	1336	0
374	1054	1055	1060	1059	1210	1396	1215	1366	0
375	1055	1056	1061	1060	1211	1426	1216	1396	0
376	597	1057	1062	592	1212	1307	1217	846	0
377	1057	1058	1063	1062	1213	1337	1218	1307	0
378	1058	1059	1064	1063	1214	1367	1219	1337	0
379	1059	1060	1065	1064	1215	1397	1220	1367	0
380	1060	1061	1066	1065	1216	1427	1221	1397	0
381	592	1062	1067	587	1217	1308	1222	845	0
382	1062	1063	1068	1067	1218	1338	1223	1308	0
383	1063	1064	1069	1068	1219	1368	1224	1338	0
384	1064	1065	1070	1069	1220	1398	1225	1368	0
385	1065	1066	1071	1070	1221	1428	1226	1398	0
386	587	1067	1072	582	1222	1309	1227	844	0
387	1067	1068	1073	1072	1223	1339	1228	1309	0
388	1068	1069	1074	1073	1224	1369	1229	1339	0
389	1069	1070	1075	1074	1225	1399	1230	1369	0
390	1070	1071	1076	1075	1226	1429	1231	1399	0
391	582	1072	1077	577	1227	1310	1232	843	0
392	1072	1073	1078	1077	1228	1340	1233	1310	0
393	1073	1074	1079	1078	1229	1370	1234	1340	0
394	1074	1075	1080	1079	1230	1400	1235	1370	0
395	1075	1076	1081	1080	1231	1430	1236	1400	0
396	577	1077	1082	572	1232	1311	1237	842	0
397	1077	1078	1083	1082	1233	1341	1238	1311	0
398	1078	1079	1084	1083	1234	1371	1239	1341	0
399	1079	1080	1085	1084	1235	1401	1240	1371	0
400	1080	1081	1086	1085	1236	1431	1241	1401	0
401	572	1082	1087	567	1237	1312	1242	841	0
402	1082	1083	1088	1087	1238	1342	1243	1312	0
403	1083	1084	1089	1088	1239	1372	1244	1342	0
404	1084	1085	1090	1089	1240	1402	1245	1372	0
405	1085	1086	1091	1090	1241	1432	1246	1402	0
406	567	1087	1092	562	1242	1313	1247	840	0
407	1087	1088	1093	1092	1243	1343	1248	1313	0
408	1088	1089	1094	1093	1244	1373	1249	1343	0
409	1089	1090	1095	1094	1245	1403	1250	1373	0
410	1090	1091	1096	1095	1246	1433	1251	1403	0
411	562	1092	1097	557	1247	1314	1252	839	0
412	1092	1093	1098	1097	1248	1344	1253	1314	0
413	1093	1094	1099	1098	1249	1374	1254	1344	0
414	1094	1095	1100	1099	1250	1404	1255	1374	0
415	1095	1096	1101	1100	1251	1434	1256	1404	0
416	557	1097	1102	552	1252	1315	1257	838	0
417	1097	1098	1103	1102	1253	1345	1258	1315	0
418	1098	1099	1104	1103	1254	1375	1259	1345	0
419	1099	1100	1105	1104	1255	1405	1260	1375	0
420	1100	1101	1106	1105	1256	1435	1261	1405	0
421	552	1102	1107	547	1257	1316	1262	837	0
422	1102	1103	1108	1107	1258	1346	1263	1316	0
423	1103	1104	1109	1108	1259	1376	1264	1346	0
424	1104	1105	1110	1109	1260	1406	1265	1376	0
425	1105	1106	1111	1110	1261	1436	1266	1406	0
426	547	1107	1112	542	1262	1317	1267	836	0
427	1107	1108	1113	1112	1263	1347	1268	1317	0
428	1108	1109	1114	1113	1264	1377	1269	1347	0
429	1109	1110	1115	1114	1265	1407	1270	1377	0
430	1110	1111	1116	1115	1266	1437	1271	1407	0
431	542	1112	1117	537	1267	1318	1272	835	0
432	1112	1113	1118	1117	1268	1348	1273	1318	0
433	1113	1114	1119	1118	1269	1378	1274	1348	0
434	1114	1115	1120	1119	1270	1408	1275	1378	0
435	1115	1116	1121	1120	1271	1438	1276	1408	0
436	537	1117	1122	532	1272	1319	1277	834	0
437	1117	1118	1123	1122	1273	1349	1278	1319	0
438	1118	1119	1124	1123	1274	1379	1279	1349	0
439	1119	1120	1125	1124	1275	1409	1280	1379	0
440	1120	1121	1126	1125	1276	1439	1281	1409	0
441	532	1122	1127	527	1277	1320	1282	833	0
442	1122	1123	1128	1127	1278	1350	1283	1320	0
443	1123	1124	1129	1128	1279	1380	1284	1350	0
444	1124	1125	1130	1129	1280	1410	1285	1380	0
445	1125	1126	1131	1130	1281	1440	1286	1410	0
446	527	1127	1132	522	1282	1321	1287	832	0
447	1127	1128	1133	1132	1283	1351	1288	1321	0
448	1128	1129	1134	1133	1284	1381	1289	1351	0
449	1129	1130	1135	1134	1285	1411	1290	1381	0
450	1130	1131	1136	1135	1286	1441	1291	1411	0
451	986	1442	1447	991	1597	1752	1602	1412	0
452	1442	1443	1448	1447	1598	1782	1603	1752	0
453	1443	1444	1449	1448	1599	1812	1604	1782	0
454	1444	1445	1450	1449	1600	1842	1605	1812	0
455	1445	1446	1451	1450	1601	1872	1606	1842	0
456	991	1447	1452	996	1602	1753	1607	1413	0
457	1447	1448	1453	1452	1603	1783	1608	1753	0
458	1448	1449	1454	1453	1604	1813	1609	1783	0
459	1449	1450	1455	1454	1605	1843	1610	1813	0
460	1450	1451	1456	1455	1606	1873	1611	1843	0
461	996	1452	1457	1001	1607	1754	1612	1414	0
462	1452	1453	1458	1457	1608	1784	1613	1754	0
463	1453	1454	1459	1458	1609	1814	1614	1784	0
464	1454	1455	1460	1459	1610	1844	1615	1814	0
465	1455	1456	1461	1460	1611	1874	1616	1844	0
466	1001	1457	1462	1006	1612	1755	1617	1415	0
467	1457	1458	1463	1462	1613	1785	1618	1755	0
468	1458	1459	1464	1463	1614	1815	1619	1785	0
469	1459	1460	1465	1464	1615	1845	1620	1815	0
470	1460	1461	1466	1465	1616	1875	1621	1845	0
471	1006	1462	1467	1011	1617	1756	1622	1416	0
472	1462	1463	1468	1467	1618	1786	1623	1756	0
473	1463	1464	1469	1468	1619	1816	1624	1786	0
474	1464	1465	1470	1469	1620	1846	1625	1816	0
475	1465	1466	1471	1470	1621	1876	1626	1846	0
476	1011	1467	1472	1016	1622	1757	1627	1417	0
477	1467	1468	1473	1472	1623	1787	1628	1757	0
478	1468	1469	1474	1473	1624	1817	1629	1787	0
479	1469	1470	1475	1474	1625	1847	1630	1817	0
480	1470	1471	1476	1475	1626	1877	1631	1847	0
481	1016	1472	1477	1021	1627	1758	1632	1418	0
482	1472	1473	1478	1477	1628	1788	1633	1758	0
483	1473	1474	1479	1478	1629	1818	1634	1788	0
484	1474	1475	1480	1479	1630	1848	1635	1818	0
485	1475	1476	1481	1480	1631	1878	1636	1848	0
486	1021	1477	1482	1026	1632	1759	1637	1419	0
487	1477	1478	1483	1482	1633	1789	1638	1759	0
488	1478	1479	1484	1483	1634	1819	1639	1789	0
489	1479	1480	1485	1484	1635	1849	1640	1819	0
490	1480	1481	1486	1485	1636	1879	1641	1849	0
491	1026	1482	1487	1031	1637	1760	1642	1420	0
492	1482	1483	1488	1487	1638	1790	1643	1760	0
493	1483	1484	1489	1488	1639	1820	1644	1790	0
494	1484	1485	1490	1489	1640	1850	1645	1820	0
495	1485	1486	1491	1490	1641	1880	1646	1850	0
496	1031	1487	1492	1036	1642	1761	1647	1421	0
497	1487	1488	1493	1492	1643	1791	1648	1761	0
498	1488	1489	1494	1493	1644	1821	1649	1791	0
499	1489	1490	1495	1494	1645	1851	1650	1821	0
500	1490	1491	1496	1495	1646	1881	1651	1851	0
501	1036	1492	1497	1041	1647	1762	1652	1422	0
502	1492	1493	1498	1497	1648	1792	1653	1762	0
503	1493	1494	1499	1498	1649	1822	1654	1792	0
504	1494	1495	1500	1499	1650	1852	1655	1822	0
505	1495	1496	1501	1500	1651	1882	1656	1852	0
506	1041	1497	1502	1046	1652	1763	1657	1423	0
507	1497	1498	1503	1502	1653	1793	1658	1763	0
508	1498	1499	1504	1503	1654	1823	1659	1793	0
509	1499	1500	1505	1504	1655	1853	1660	1823	0
510	1500	1501	1506	1505	1656	1883	1661	1853	0
511	1046	1502	1507	1051	1657	1764	1662	1424	0
512	1502	1503	1508	1507	1658	1794	1663	1764	0
513	1503	1504	1509	1508	1659	1824	1664	1794	0
514	1504	1505	1510	1509	1660	1854	1665	1824	0
515	1505	1506	1511	1510	1661	1884	1666	1854	0
516	1051	1507	1512	1056	1662	1765	1667	1425	0
517	1507	1508	1513	1512	1663	1795	1668	1765	0
518	1508	1509	1514	1513	1664	1825	1669	1795	0
519	1509	1510	1515	1514	1665	1855	1670	1825	0
520	1510	1511	1516	1515	1666	1885	1671	1855	0
521	1056	1512	1517	1061	1667	1766	1672	1426	0
522	1512	1513	1518	1517	1668	1796	1673	1766	0
523	1513	1514	1519	1518	1669	1826	1674	1796	0
524	1514	1515	1520	1519	1670	1856	1675	1826	0
525	1515	1516	1521	1520	1671	1886	1676	1856	0
526	1061	1517	1522	1066	1672	1767	1677	1427	0
527	1517	1518	1523	1522	1673	1797	1678	1767	0
528	1518	1519	1524	1523	1674	1827	1679	1797	0
529	1519	1520	1525	1524	1675	1857	1680	1827	0
530	1520	1521	1526	1525	1676	1887	1681	1857	0
531	1066	1522	1527	1071	1677	1768	1682	1428	0
532	1522	1523	1528	1527	1678	1798	1683	1768	0
533	1523	1524	1529	1528	1679	1828	1684	1798	0
534	1524	1525	1530	1529	1680	1858	1685	1828	0
535	1525	1526	1531	1530	1681	1888	1686	1858	0
536	1071	1527	1532	1076	1682	1769	1687	1429	0
537	1527	1528	1533	1532	1683	1799	1688	1769	0
538	1528	1529	1534	1533	1684	1829	1689	1799	0
539	1529	1530	1535	1534	1685	1859	1690	1829	0
540	1530	1531	1536	1535	1686	1889	1691	1859	0
541	1076	1532	1537	1081	1687	1770	1692	1430	0
542	1532	1533	1538	1537	1688	1800	1693	1770	0
543	1533	1534	1539	1538	1689	1830	1694	1800	0
544	1534	1535	1540	1539	1690	1860	1695	1830	0
545	1535	1536	1541	1540	1691	1890	1696	1860	0
546	1081	1537	1542	1086	1692	1771	1697	1431	0
547	1537	1538	1543	1542	1693	1801	1698	1771	0
548	1538	1539	1544	1543	1694	1831	1699	1801	0
549	1539	1540	1545	1544	1695	1861	1700	1831	0
550	1540	1541	1546	1545	1696	1891	1701	1861	0
551	1086	1542	1547	1091	1697	1772	1702	1432	0
552	1542	1543	1548	1547	1698	1802	1703	1772	0
553	1543	1544	1549	1548	1699	1832	1704	1802	0
554	1544	1545	1550	1549	1700	1862	1705	1832	0
555	1545	1546	1551	1550	1701	1892	1706	1862	0
556	1091	1547	1552	1096	1702	1773	1707	1433	0
557	1547	1548	1553	1552	1703	1803	1708	1773	0
558	1548	1549	1554	1553	1704	1833	1709	1803	0
559	1549	1550	1555	1554	1705	1863	1710	1833	0
560	1550	1551	1556	1555	1706	1893	1711	1863	0
561	1096	1552	1557	1101	1707	1774	1712	1434	0
562	1552	1553	1558	1557	1708	1804	1713	1774	0
563	1553	1554	1559	1558	1709	1834	1714	1804	0
564	1554	1555	1560	1559	1710	1864	1715	1834	0
565	1555	1556	1561	1560	1711	1894	1716	1864	0
566	1101	1557	1562	1106	1712	1775	1717	1435	0
567	1557	1558	1563	1562	1713	1805	1718	1775	0
568	1558	1559	1564	1563	1714	1835	1719	1805	0
569	1559	1560	1565	1564	1715	1865	1720	1835	0
570	1560	1561	1566	1565	1716	1895	1721	1865	0
571	1106	1562	1567	1111	1717	1776	1722	1436	0
572	1562	1563	1568	1567	1718	1806	1723	1776	0
573	1563	1564	1569	1568	1719	1836	1724	1806	0
574	1564	1565	1570	1569	1720	1866	1725	1836	0
575	1565	1566	1571	1570	1721	1896	1726	1866	0
576	1111	1567	1572	1116	1722	1777	1727	1437	0
577	1567	1568	1573	1572	1723	1807	1728	1777	0
578	1568	1569	1574	1573	1724	1837	1729	1807	0
579	1569	1570	1575	1574	1725	1867	1730	1837	0
580	1570	1571	1576	1575	1726	1897	1731	1867	0
581	1116	1572	1577	1121	1727	1778	1732	1438	0
582	1572	1573	1578	1577	1728	1808	1733	1778	0
583	1573	1574	1579	1578	1729	1838	1734	1808	0
584	1574	1575	1580	1579	1730	1868	1735	1838	0
585	1575	1576	1581	1580	1731	1898	1736	1868	0
586	1121	1577	1582	1126	1732	1779	1737	1439	0
587	1577	1578	1583	1582	1733	1809	1738	1779	0
588	1578	1579	1584	1583	1734	1839	1739	1809	0
589	1579	1580	1585	1584	1735	1869	1740	1839	0
590	1580	1581	1586	1585	1736	1899	1741	1869	0
591	1126	1582	1587	1131	1737	1780	1742	1440	0
592	1582	1583	1588	1587	1738	1810	1743	1780	0
593	1583	1584	1589	1588	1739	1840	1744	1810	0
594	1584	1585	1590	1589	1740	1870	1745	1840	0
595	1585	1586	1591	1590	1741	1900	1746	1870	0
596	1131	1587	1592	1136	1742	1781	1747	1441	0
597	1587	1588	1593	1592	1743	1811	1748	1781	0
598	1588	1589	1594	1593	1744	1841	1749	1811	0
599	1589	1590	1595	1594	1745	1871	1750	1841	0
600	1590	1591	1596	1595	1746	1901	1751	1871	0
601	1902	1903	1909	1908	1938	1973	1943	1968	0
602	1903	1904	1910	1909	1939	1978	1944	1973	0
603	1904	1905	1911	1910	1940	1983	1945	1978	0
604	1905	1906	1912	1911	1941	1988	1946	1983	0
605	1906	1907	1913	1912	1942	1993	1947	1988	0
606	1908	1909	1915	1914	1943	1974	1948	1969	0
607	1909	1910	1916	1915	1944	1979	1949	1974	0
608	1910	1911	1917	1916	1945	1984	1950	1979	0
609	1911	1912	1918	1917	1946	1989	1951	1984	0
610	1912	1913	1919	1918	1947	1994	1952	1989	0
611	1914	1915	1921	1920	1948	1975	1953	1970	0
612	1915	1916	1922	1921	1949	1980	1954	1975	0
613	1916	1917	1923	1922	1950	1985	1955	1980	0
614	1917	1918	1924	1923	1951	1990	1956	1985	0
615	1918	1919	1925	1924	1952	1995	1957	1990	0
616	1920	1921	1927	1926	1953	1976	1958	1971	0
617	1921	1922	1928	1927	1954	1981	1959	1976	0
618	1922	1923	1929	1928	1955	1986	1960	1981	0
619	1923	1924	1930	1929	1956	1991	1961	1986	0
620	1924	1925	1931	1930	1957	1996	1962	1991	0
621	1926	1927	1933	1932	1958	1977	1963	1972	0
622	1927	1928	1934	1933	1959	1982	1964	1977	0
623	1928	1929	1935	1934	1960	1987	1965	1982	0
624	1929	1930	1936	1935	1961	1992	1966	1987	0
625	1930	1931	1937	1936	1962	1997	1967	1992	0
626	1998	1999	2009	2008	2058	2123	2068	2118	0
627	1999	2000	2010	2009	2059	2128	2069	2123	0
628	2000	2001	2011	2010	2060	2133	2070	2128	0
629	2001	2002	2012	2011	2061	2138	2071	2133	0
630	2002	2003	2013	2012	2062	2143	2072	2138	0
631	2003	2004	2014	2013	2063	2148	2073	2143	0
632	2004	2005	2015	2014	2064	2153	2074	2148	0
633	2005	2006	2016	2015	2065	2158	2075	2153	0
634	2006	2007	2017	2016	2066	2163	2076	2158	0
635	2007	1902	1908	2017	2067	1968	2077	2163	0
636	2008	2009	2019	2018	2068	2124	2078	2119	0
637	2009	2010	2020	2019	2069	2129	2079	2124	0
638	2010	2011	2021	2020	2070	2134	2080	2129	0
639	2011	2012	2022	2021	2071	2139	2081	2134	0
640	2012	2013	2023	2022	2072	2144	2082	2139	0
641	2013	2014	2024	2023	2073	2149	2083	2144	0
642	2014	2015	2025	2024	2074	2154	2084	2149	0
643	2015	2016	2026	2025	2075	2159	2085	2154	0
644	2016	2017	2027	2026	2076	2164	2086	2159	0
645	2017	1908	1914	2027	2077	1969	2087	2164	0
646	2018	2019	2029	2028	2078	2125	2088	2120	0
647	2019	2020	2030	2029	2079	2130	2089	2125	0
648	2020	2021	2031	2030	2080	2135	2090	2130	0
649	2021	2022	2032	2031	2081	2140	2091	2135	0
650	2022	2023	2033	2032	2082	2145	2092	2140	0
651	2023	2024	2034	2033	2083	2150	2093	2145	0
652	2024	2025	2035	2034	2084	2155	2094	2150	0
653	2025	2026	2036	2035	2085	2160	2095	2155	0
654	2026	2027	2037	2036	2086	2165	2096	2160	0
655	2027	1914	1920	2037	2087	1970	2097	2165	0
656	2028	2029	2039	2038	2088	2126	2098	2121	0
657	2029	2030	2040	2039	2089	2131	2099	2126	0
658	2030	2031	2041	2040	2090	2136	2100	2131	0
659	2031	2032	2042	2041	2091	2141	2101	2136	0
660	2032	2033	2043	2042	2092	2146	2102	2141	0
661	2033	2034	2044	2043	2093	2151	2103	2146	0
662	2034	2035	2045	2044	2094	2156	2104	2151	0
663	2035	2036	2046	2045	2095	2161	2105	2156	0
664	2036	2037	2047	2046	2096	2166	2106	2161	0
665	2037	1920	1926	2047	2097	1971	2107	2166	0
666	2038	2039	2049	2048	2098	2127	2108	2122	0
667	2039	2040	2050	2049	2099	2132	2109	2127	0
668	2040	2041	2051	2050	2100	2137	2110	2132	0
669	2041	2042	2052	2051	2101	2142	2111	2137	0
670	2042	2043	2053	2052	2102	2147	2112	2142	0
671	2043	2044	2054	2053	2103	2152	2113	2147	0
672	2044	2045	2055	2054	2104	2157	2114	2152	0
673	2045	2046	2056	2055	2105	2162	2115	2157	0
674	2046	2047	2057	2056	2106	2167	2116	2162	0
675	2047	1926	1932	2057	2107	1972	2117	2167	0
676	2168	2169	2179	2178	2228	2293	2238	2288	0
677	2169	2170	2180	2179	2229	2298	2239	2293	0
678	2170	2171	2181	2180	2230	2303	2240	2298	0
679	2171	2172	2182	2181	2231	2308	2241	2303	0
680	2172	2173	2183	2182	2232	2313	2242	2308	0
681	2173	2174	2184	2183	2233	2318	2243	2313	0
682	2174	2175	2185	2184	2234	2323	2244	2318	0
683	2175	2176	2186	2185	2235	2328	2245	2323	0
684	2176	2177	2187	2186	2236	2333	2246	2328	0
685	2177	1998	2008	2187	2237	2118	2247	2333	0
686	2178	2179	2189	2188	2238	2294	2248	2289	0
687	2179	2180	2190	2189	2239	2299	2249	2294	0
688	2180	2181	2191	2190	2240	2304	2250	2299	0
689	2181	2182	2192	2191	2241	2309	2251	2304	0
690	2182	2183	2193	2192	2242	2314	2252	2309	0
691	2183	2184	2194	2193	2243	2319	2253	2314	0
692	2184	2185	2195	2194	2244	2324	2254	2319	0
693	2185	2186	2196	2195	2245	2329	2255	2324	0
694	2186	2187	2197	2196	2246	2334	2256	2329	0
695	2187	2008	2018	2197	2247	2119	2257	2334	0
696	2188	2189	2199	2198	2248	2295	2258	2290	0
697	2189	2190	2200	2199	2249	2300	2259	2295	0
698	2190	2191	2201	2200	2250	2305	2260	2300	0
699	2191	2192	2202	2201	2251	2310	2261	2305	0
700	2192	2193	2203	2202	2252	2315	2262	2310	0
701	2193	2194	2204	2203	2253	2320	2263	2315	0
702	2194	2195	2205	2204	2254	2325	2264	2320	0
703	2195	2196	2206	2205	2255	2330	2265	2325	0
704	2196	2197	2207	2206	2256	2335	2266	2330	0
705	2197	2018	2028	2207	2257	2120	2267	2335	0
706	2198	2199	2209	2208	2258	2296	2268	2291	0
707	2199	2200	2210	2209	2259	2301	2269	2296	0
708	2200	2201	2211	2210	2260	2306	2270	2301	0
709	2201	2202	2212	2211	2261	2311	2271	2306	0
710	2202	2203	2213	2212	2262	2316	2272	2311	0
711	2203	2204	2214	2213	2263	2321	2273	2316	0
712	2204	2205	2215	2214	2264	2326	2274	2321	0
713	2205	2206	2216	2215	2265	2331	2275	2326	0
714	2206	2207	2217	2216	2266	2336	2276	2331	0
715	2207	2028	2038	2217	2267	2121	2277	2336	0
716	2208	2209	2219	2218	2268	2297	2278	2292	0
717	2209	2210	2220	2219	2269	2302	2279	2297	0
718	2210	2211	2221	2220	2270	2307	2280	2302	0
719	2211	2212	2222	2221	2271	2312	2281	2307	0
720	2212	2213	2223	2222	2272	2317	2282	2312	0
721	2213	2214	2224	2223	2273	2322	2283	2317	0
722	2214	2215	2225	2224	2274	2327	2284	2322	0
723	2215	2216	2226	2225	2275	2332	2285	2327	0
724	2216	2217	2227	2226	2276	2337	2286	2332	0
725	2217	2038	2048	2227	2277	2122	2287	2337	0
726	2338	2339	2344	2343	2368	2403	2373	2398	0
727	2339	2340	2345	2344	2369	2408	2374	2403	0
728	2340	2341	2346	2345	2370	2413	2375	2408	0
729	2341	2342	2347	2346	2371	2418	2376	2413	0
730	2342	2168	2178	2347	2372	2288	2377	2418	0
731	2343	2344	2349	2348	2373	2404	2378	2399	0
732	2344	2345	2350	2349	2374	2409	2379	2404	0
733	2345	2346	2351	2350	2375	2414	2380	2409	0
734	2346	2347	2352	2351	2376	2419	2381	2414	0
735	2347	2178	2188	2352	2377	2289	2382	2419	0
736	2348	2349	2354	2353	2378	2405	2383	2400	0
737	2349	2350	2355	2354	2379	2410	2384	2405	0
738	2350	2351	2356	2355	2380	2415	2385	2410	0
739	2351	2352	2357	2356	2381	2420	2386	2415	0
740	2352	2188	2198	2357	2382	2290	2387	2420	0
741	2353	2354	2359	2358	2383	2406	2388	2401	0
742	2354	2355	2360	2359	2384	2411	2389	2406	0
743	2355	2356	2361	2360	2385	2416	2390	2411	0
744	2356	2357	2362	2361	2386	2421	2391	2416	0
745	2357	2198	2208	2362	2387	2291	2392	2421	0
746	2358	2359	2364	2363	2388	2407	2393	2402	0
747	2359	2360	2365	2364	2389	2412	2394	2407	0
748	2360	2361	2366	2365	2390	2417	2395	2412	0
749	2361	2362	2367	2366	2391	2422	2396	2417	0
750	2362	2208	2218	2367	2392	2292	2397	2422	0
751	2363	2364	2433	2423	2393	2493	2543	2483	0
752	2423	2433	2434	2424	2543	2494	2548	2484	0
753	2424	2434	2435	2425	2548	2495	2553	2485	0
754	2425	2435	2436	2426	2553	2496	2558	2486	0
755	2426	2436	2437	2427	2558	2497	2563	2487	0
756	2427	2437	2438	2428	2563	2498	2568	2488	0
757	2428	2438	2439	2429	2568	2499	2573	2489	0
758	2429	2439	2440	2430	2573	2500	2578	2490	0
759	2430	2440	2441	2431	2578	2501	2583	2491	0
760	2431	2441	2442	2432	2583	2502	2588	2492	0
761	2364	2365	2443	2433	2394	2503	2544	2493	0
762	2433	2443	2444	2434	2544	2504	2549	2494	0
763	2434	2444	2445	2435	2549	2505	2554	2495	0
764	2435	2445	2446	2436	2554	2506	2559	2496	0
765	2436	2446	2447	2437	2559	2507	2564	2497	0
766	2437	2447	2448	2438	2564	2508	2569	2498	0
767	2438	2448	2449	2439	2569	2509	2574	2499	0
768	2439	2449	2450	2440	2574	2510	2579	2500	0
769	2440	2450	2451	2441	2579	2511	2584	2501	0
770	2441	2451	2452	2442	2584	2512	2589	2502	0
771	2365	2366	2453	2443	2395	2513	2545	2503	0
772	2443	2453	2454	2444	2545	2514	2550	2504	0
773	2444	2454	2455	2445	2550	2515	2555	2505	0
774	2445	2455	2456	2446	2555	2516	2560	2506	0
775	2446	2456	2457	2447	2560	2517	2565	2507	0
776	2447	2457	2458	2448	2565	2518	2570	2508	0
777	2448	2458	2459	2449	2570	2519	2575	2509	0
778	2449	2459	2460	2450	2575	2520	2580	2510	0
779	2450	2460	2461	2451	2580	2521	2585	2511	0
780	2451	2461	2462	2452	2585	2522	2590	2512	0
781	2366	2367	2463	2453	2396	2523	2546	2513	0
782	2453	2463	2464	2454	2546	2524	2551	2514	0
783	2454	2464	2465	2455	2551	2525	2556	2515	0
784	2455	2465	2466	2456	2556	2526	2561	2516	0
785	2456	2466	2467	2457	2561	2527	2566	2517	0
786	2457	2467	2468	2458	2566	2528	2571	2518	0
787	2458	2468	2469	2459	2571	2529	2576	2519	0
788	2459	2469	2470	2460	2576	2530	2581	2520	0
789	2460	2470	2471	2461	2581	2531	2586	2521	0
790	2461	2471	2472	2462	2586	2532	2591	2522	0
791	2367	2218	2473	2463	2397	2533	2547	2523	0
792	2463	2473	2474	2464	2547	2534	2552	2524	0
793	2464	2474	2475	2465	2552	2535	2557	2525	0
794	2465	2475	2476	2466	2557	2536	2562	2526	0
795	2466	2476	2477	2467	2562	2537	2567	2527	0
796	2467	2477	2478	2468	2567	2538	2572	2528	0
797	2468	2478	2479	2469	2572	2539	2577	2529	0
798	2469	2479	2480	2470	2577	2540	2582	2530	0
799	2470	2480	2481	2471	2582	2541	2587	2531	0
800	2471	2481	2482	2472	2587	2542	2592	2532	0
801	2218	2593	2598	2473	2648	2703	2653	2533	0
802	2593	2594	2599	2598	2649	2713	2654	2703	0
803	2594	2595	2600	2599	2650	2723	2655	2713	0
804	2595	2596	2601	2600	2651	2733	2656	2723	0
805	2596	2597	2602	2601	2652	2743	2657	2733	0
806	2473	2598	2603	2474	2653	2704	2658	2534	0
807	2598	2599	2604	2603	2654	2714	2659	2704	0
808	2599	2600	2605	2604	2655	2724	2660	2714	0
809	2600	2601	2606	2605	2656	2734	2661	2724	0
810	2601	2602	2607	2606	2657	2744	2662	2734	0
811	2474	2603	2608	2475	2658	2705	2663	2535	0
812	2603	2604	2609	2608	2659	2715	2664	2705	0
813	2604	2605	2610	2609	2660	2725	2665	2715	0
814	2605	2606	2611	2610	2661	2735	2666	2725	0
815	2606	2607	2612	2611	2662	2745	2667	2735	0
816	2475	2608	2613	2476	2663	2706	2668	2536	0
817	2608	2609	2614	2613	2664	2716	2669	2706	0
818	2609	2610	2615	2614	2665	2726	2670	2716	0
819	2610	2611	2616	2615	2666	2736	2671	2726	0
820	2611	2612	2617	2616	2667	2746	2672	2736	0
821	2476	2613	2618	2477	2668	2707	2673	2537	0
822	2613	2614	2619	2618	2669	2717	2674	2707	0
823	2614	2615	2620	2619	2670	2727	2675	2717	0
824	2615	2616	2621	2620	2671	2737	2676	2727	0
825	2616	2617	2622	2621	2672	2747	2677	2737	0
826	2477	2618	2623	2478	2673	2708	2678	2538	0
827	2618	2619	2624	2623	2674	2718	2679	2708	0
828	2619	2620	2625	2624	2675	2728	2680	2718	0
829	2620	2621	2626	2625	2676	2738	2681	2728	0
830	2621	2622	2627	2626	2677	2748	2682	2738	0
831	2478	2623	2628	2479	2678	2709	2683	2539	0
832	2623	2624	2629	2628	2679	2719	2684	2709	0
833	2624	2625	2630	2629	2680	2729	2685	2719	0
834	2625	2626	2631	2630	2681	2739	2686	2729	0
835	2626	2627	2632	2631	2682	2749	2687	2739	0
836	2479	2628	2633	2480	2683	2710	2688	2540	0
837	2628	2629	2634	2633	2684	2720	2689	2710	0
838	2629	2630	2635	2634	2685	2730	2690	2720	0
839	2630	2631	2636	2635	2686	2740	2691	2730	0
840	2631	2632	2637	2636	2687	2750	2692	2740	0
841	2480	2633	2638	2481	2688	2711	2693	2541	0
842	2633	2634	2639	2638	2689	2721	2694	2711	0
843	2634	2635	2640	2639	2690	2731	2695	2721	0
844	2635	2636	2641	2640	2691	2741	2696	2731	0
845	2636	2637	2642	2641	2692	2751	2697	2741	0
846	2481	2638	2643	2482	2693	2712	2698	2542	0
847	2638	2639	2644	2643	2694	2722	2699	2712	0
848	2639	2640	2645	2644	2695	2732	2700	2722	0
849	2640	2641	2646	2645	2696	2742	2701	2732	0
850	2641	2642	2647	2646	2697	2752	2702	2742	0
851	2048	2753	2758	2227	2803	2853	2808	2287	0
852	2753	2754	2759	2758	2804	2863	2809	2853	0
853	2754	2755	2760	2759	2805	2873	2810	2863	0
854	2755	2756	2761	2760	2806	2883	2811	2873	0
855	2756	2757	2762	2761	2807	2893	2812	2883	0
856	2227	2758	2763	2226	2808	2854	2813	2286	0
857	2758	2759	2764	2763	2809	2864	2814	2854	0
858	2759	2760	2765	2764	2810	2874	2815	2864	0
859	2760	2761	2766	2765	2811	2884	2816	2874	0
860	2761	2762	2767	2766	2812	2894	2817	2884	0
861	2226	2763	2768	2225	2813	2855	2818	2285	0
862	2763	2764	2769	2768	2814	2865	2819	2855	0
863	2764	2765	2770	2769	2815	2875	2820	2865	0
864	2765	2766	2771	2770	2816	2885	2821	2875	0
865	2766	2767	2772	2771	2817	2895	2822	2885	0
866	2225	2768	2773	2224	2818	2856	2823	2284	0
867	2768	2769	2774	2773	2819	2866	2824	2856	0
868	2769	2770	2775	2774	2820	2876	2825	2866	0
869	2770	2771	2776	2775	2821	2886	2826	2876	0
870	2771	2772	2777	2776	2822	2896	2827	2886	0
871	2224	2773	2778	2223	2823	2857	2828	2283	0
872	2773	2774	2779	2778	2824	2867	2829	2857	0
873	2774	2775	2780	2779	2825	2877	2830	2867	0
874	2775	2776	2781	2780	2826	2887	2831	2877	0
875	2776	2777	2782	2781	2827	2897	2832	2887	0
876	2223	2778	2783	2222	2828	2858	2833	2282	0
877	2778	2779	2784	2783	2829	2868	2834	2858	0
878	2779	2780	2785	2784	2830	2878	2835	2868	0
879	2780	2781	2786	2785	2831	2888	2836	2878	0
880	2781	2782	2787	2786	2832	2898	2837	2888	0
881	2222	2783	2788	2221	2833	2859	2838	2281	0
882	2783	2784	2789	2788	2834	2869	2839	2859	0
883	2784	2785	2790	2789	2835	2879	2840	2869	0
884	2785	2786	2791	2790	2836	2889	2841	2879	0
885	2786	2787	2792	2791	2837	2899	2842	2889	0
886	2221	2788	2793	2220	2838	2860	2843	2280	0
887	2788	2789	2794	2793	2839	2870	2844	2860	0
888	2789	2790	2795	2794	2840	2880	2845	2870	0
889	2790	2791	2796	2795	2841	2890	2846	2880	0
890	2791	2792	2797	2796	2842	2900	2847	2890	0
891	2220	2793	2798	2219	2843	2861	2848	2279	0
892	2793	2794	2799	2798	2844	2871	2849	2861	0
893	2794	2795	2800	2799	2845	2881	2850	2871	0
894	2795	2796	2801	2800	2846	2891	2851	2881	0
895	2796	2797	2802	2801	2847	2901	2852	2891	0
896	2219	2798	2593	2218	2848	2862	2648	2278	0
897	2798	2799	2594	2593	2849	2872	2649	2862	0
898	2799	2800	2595	2594	2850	2882	2650	2872	0
899	2800	2801	2596	2595	2851	2892	2651	2882	0
900	2801	2802	2597	2596	2852	2902	2652	2892	0
901	1932	2903	2908	2057	2958	3013	2963	2117	0
902	2903	2904	2909	2908	2959	3023	2964	3013	0
903	2904	2905	2910	2909	2960	3033	2965	3023	0
904	2905	2906	2911	2910	2961	3043	2966	3033	0
905	2906	2907	2912	2911	2962	3053	2967	3043	0
906	2057	2908	2913	2056	2963	3014	2968	2116	0
907	2908	2909	2914	2913	2964	3024	2969	3014	0
908	2909	2910	2915	2914	2965	3034	2970	3024	0
909	2910	2911	2916	2915	2966	3044	2971	3034	0
910	2911	2912	2917	2916	2967	3054	2972	3044	0
911	2056	2913	2918	2055	2968	3015	2973	2115	0
912	2913	2914	2919	2918	2969	3025	2974	3015	0
913	2914	2915	2920	2919	2970	3035	2975	3025	0
914	2915	2916	2921	2920	2971	3045	2976	3035	0
915	2916	2917	2922	2921	2972	3055	2977	3045	0
916	2055	2918	2923	2054	2973	3016	2978	2114	0
917	2918	2919	2924	2923	2974	3026	2979	3016	0
918	2919	2920	2925	2924	2975	3036	2980	3026	0
919	2920	2921	2926	2925	2976	3046	2981	3036	0
920	2921	2922	2927	2926	2977	3056	2982	3046	0
921	2054	2923	2928	2053	2978	3017	2983	2113	0
922	2923	2924	2929	2928	2979	3027	2984	3017	0
923	2924	2925	2930	2929	2980	3037	2985	3027	0
924	2925	2926	2931	2930	2981	3047	2986	3037	0
925	2926	2927	2932	2931	2982	3057	2987	3047	0
926	2053	2928	2933	2052	2983	3018	2988	2112	0
927	2928	2929	2934	2933	2984	3028	2989	3018	0
928	2929	2930	2935	2934	2985	3038	2990	3028	0
929	2930	2931	2936	2935	2986	3048	2991	3038	0
930	2931	2932	2937	2936	2987	3058	2992	3048	0
931	2052	2933	2938	2051	2988	3019	2993	2111	0
932	2933	2934	2939	2938	2989	3029	2994	3019	0
933	2934	2935	2940	2939	2990	3039	2995	3029	0
934	2935	2936	2941	2940	2991	3049	2996	3039	0
935	2936	2937	2942	2941	2992	3059	2997	3049	0
936	2051	2938	2943	2050	2993	3020	2998	2110	0
937	2938	2939	2944	2943	2994	3030	2999	3020	0
938	2939	2940	2945	2944	2995	3040	3000	3030	0
939	2940	2941	2946	2945	2996	3050	3001	3040	0
940	2941	2942	2947	2946	2997	3060	3002	3050	0
941	2050	2943	2948	2049	2998	3021	3003	2109	0
942	2943	2944	2949	2948	2999	3031	3004	3021	0
943	2944	2945	2950	2949	3000	3041	3005	3031	0
944	2945	2946	2951	2950	3001	3051	3006	3041	0
945	2946	2947	2952	2951	3002	3061	3007	3051	0
946	2049	2948	2953	2048	3003	3022	3008	2108	0
947	2948	2949	2954	2953	3004	3032	3009	3022	0
948	2949	2950	2955	2954	3005	3042	3010	3032	0
949	2950	2951	2956	2955	3006	3052	3011	3042	0
950	2951	2952	2957	2956	3007	3062	3012	3052	0
951	1937	3063	3073	1936	3123	3183	3133	1967	0
952	3063	3064	3074	3073	3124	3188	3134	3183	0
953	3064	3065	3075	3074	3125	3193	3135	3188	0
954	3065	3066	3076	3075	3126	3198	3136	3193	0
955	3066	3067	3077	3076	3127	3203	3137	3198	0
956	3067	3068	3078	3077	3128	3208	3138	3203	0
957	3068	3069	3079	3078	3129	3213	3139	3208	0
958	3069	3070	3080	3079	3130	3218	3140	3213	0
959	3070	3071	3081	3080	3131	3223	3141	3218	0
960	3071	3072	3082	3081	3132	3228	3142	3223	0
961	1936	3073	3083	1935	3133	3184	3143	1966	0
962	3073	3074	3084	3083	3134	3189	3144	3184	0
963	3074	3075	3085	3084	3135	3194	3145	3189	0
964	3075	3076	3086	3085	3136	3199	3146	3194	0
965	3076	3077	3087	3086	3137	3204	3147	3199	0
966	3077	3078	3088	3087	3138	3209	3148	3204	0
967	3078	3079	3089	3088	3139	3214	3149	3209	0
968	3079	3080	3090	3089	3140	3219	3150	3214	0
969	3080	3081	3091	3090	3141	3224	3151	3219	0
970	3081	3082	3092	3091	3142	3229	3152	3224	0
971	1935	3083	3093	1934	3143	3185	3153	1965	0
972	3083	3084	3094	3093	3144	3190	3154	3185	0
973	3084	3085	3095	3094	3145	3195	3155	3190	0
974	3085	3086	3096	3095	3146	3200	3156	3195	0
975	3086	3087	3097	3096	3147	3205	3157	3200	0
976	3087	3088	3098	3097	3148	3210	3158	3205	0
977	3088	3089	3099	3098	3149	3215	3159	3210	0
978	3089	3090	3100	3099	3150	3220	3160	3215	0
979	3090	3091	3101	3100	3151	3225	3161	3220	0
980	3091	3092	3102	3101	3152	3230	3162	3225	0
981	1934	3093	3103	1933	3153	3186	3163	1964	0
982	3093	3094	3104	3103	3154	3191	3164	3186	0
983	3094	3095	3105	3104	3155	3196	3165	3191	0
984	3095	3096	3106	3105	3156	3201	3166	3196	0
985	3096	3097	3107	3106	3157	3206	3167	3201	0
986	3097	3098	3108	3107	3158	3211	3168	3206	0
987	3098	3099	3109	3108	3159	3216	3169	3211	0
988	3099	3100	3110	3109	3160	3221	3170	3216	0
989	3100	3101	3111	3110	3161	3226	3171	3221	0
990	3101	3102	3112	3111	3162	3231	3172	3226	0
991	1933	3103	3113	1932	3163	3187	3173	1963	0
992	3103	3104	3114	3113	3164	3192	3174	3187	0
993	3104	3105	3115	3114	3165	3197	3175	3192	0
994	3105	3106	3116	3115	3166	3202	3176	3197	0
995	3106	3107	3117	3116	3167	3207	3177	3202	0
996	3107	3108	3118	3117	3168	3212	3178	3207	0
997	3108	3109	3119	3118	3169	3217	3179	3212	0
998	3109	3110	3120	3119	3170	3222	3180	3217	0
999	3110	3111	3121	3120	3171	3227	3181	3222	0
1000	3111	3112	3122	3121	3172	3232	3182	3227	0
1001	2907	2906	3234	3233	2962	3343	3283	3333	0
1002	2906	2905	3235	3234	2961	3353	3284	3343	0
1003	2905	2904	3236	3235	2960	3363	3285	3353	0
1004	2904	2903	3237	3236	2959	3373	3286	3363	0
1005	2903	1932	3113	3237	2958	3173	3287	3373	0
1006	3233	3234	3239	3238	3283	3344	3288	3334	0
1007	3234	3235	3240	3239	3284	3354	3289	3344	0
1008	3235	3236	3241	3240	3285	3364	3290	3354	0
1009	3236	3237	3242	3241	3286	3374	3291	3364	0
1010	3237	3113	3114	3242	3287	3174	3292	3374	0
1011	3238	3239	3244	3243	3288	3345	3293	3335	0
1012	3239	3240	3245	3244	3289	3355	3294	3345	0
1013	3240	3241	3246	3245	3290	3365	3295	3355	0
1014	3241	3242	3247	3246	3291	3375	3296	3365	0
1015	3242	3114	3115	3247	3292	3175	3297	3375	0
1016	3243	3244	3249	3248	3293	3346	3298	3336	0
1017	3244	3245	3250	3249	3294	3356	3299	3346	0
1018	3245	3246	3251	3250	3295	3366	3300	3356	0
1019	3246	3247	3252	3251	3296	3376	3301	3366	0
1020	3247	3115	3116	3252	3297	3176	3302	3376	0
1021	3248	3249	3254	3253	3298	3347	3303	3337	0
1022	3249	3250	3255	3254	3299	3357	3304	3347	0
1023	3250	3251	3256	3255	3300	3367	3305	3357	0
1024	3251	3252	3257	3256	3301	3377	3306	3367	0
1025	3252	3116	3117	3257	3302	3177	3307	3377	0
1026	3253	3254	3259	3258	3303	3348	3308	3338	0
1027	3254	3255	3260	3259	3304	3358	3309	3348	0
1028	3255	3256	3261	3260	3305	3368	3310	3358	0
1029	3256	3257	3262	3261	3306	3378	3311	3368	0
1030	3257	3117	3118	3262	3307	3178	3312	3378	0
1031	3258	3259	3264	3263	3308	3349	3313	3339	0
1032	3259	3260	3265	3264	3309	3359	3314	3349	0
1033	3260	3261	3266	3265	3310	3369	3315	3359	0
1034	3261	3262	3267	3266	3311	3379	3316	3369	0
1035	3262	3118	3119	3267	3312	3179	3317	3379	0
1036	3263	3264	3269	3268	3313	3350	3318	3340	0
1037	3264	3265	3270	3269	3314	3360	3319	3350	0
1038	3265	3266	3271	3270	3315	3370	3320	3360	0
1039	3266	3267	3272	3271	3316	3380	3321	3370	0
1040	3267	3119	3120	3272	3317	3180	3322	3380	0
1041	3268	3269	3274	3273	3318	3351	3323	3341	0
1042	3269	3270	3275	3274	3319	3361	3324	3351	0
1043	3270	3271	3276	3275	3320	3371	3325	3361	0
1044	3271	3272	3277	3276	3321	3381	3326	3371	0
1045	3272	3120	3121	3277	3322	3181	3327	3381	0
1046	3273	3274	3279	3278	3323	3352	3328	3342	0
1047	3274	3275	3280	3279	3324	3362	3329	3352	0
1048	3275	3276	3281	3280	3325	3372	3330	3362	0
1049	3276	3277	3282	3281	3326	3382	3331	3372	0
1050	3277	3121	3122	3282	3327	3182	3332	3382	0
1051	3072	3071	3388	3383	3132	3443	3493	3438	0
1052	3383	3388	3389	3384	3493	3444	3503	3439	0
1053	3384	3389	3390	3385	3503	3445	3513	3440	0
1054	3385	3390	3391	3386	3513	3446	3523	3441	0
1055	3386	3391	3392	3387	3523	3447	3533	3442	0
1056	3071	3070	3393	3388	3131	3448	3494	3443	0
1057	3388	3393	3394	3389	3494	3449	3504	3444	0
1058	3389	3394	3395	3390	3504	3450	3514	3445	0
1059	3390	3395	3396	3391	3514	3451	3524	3446	0
1060	3391	3396	3397	3392	3524	3452	3534	3447	0
1061	3070	3069	3398	3393	3130	3453	3495	3448	0
1062	3393	3398	3399	3394	3495	3454	3505	3449	0
1063	3394	3399	3400	3395	3505	3455	3515	3450	0
1064	3395	3400	3401	3396	3515	3456	3525	3451	0
1065	3396	3401	3402	3397	3525	3457	3535	3452	0
1066	3069	3068	3403	3398	3129	3458	3496	3453	0
1067	3398	3403	3404	3399	3496	3459	3506	3454	0
1068	3399	3404	3405	3400	3506	3460	3516	3455	0
1069	3400	3405	3406	3401	3516	3461	3526	3456	0
1070	3401	3406	3407	3402	3526	3462	3536	3457	0
1071	3068	3067	3408	3403	3128	3463	3497	3458	0
1072	3403	3408	3409	3404	3497	3464	3507	3459	0
1073	3404	3409	3410	3405	3507	3465	3517	3460	0
1074	3405	3410	3411	3406	3517	3466	3527	3461	0
1075	3406	3411	3412	3407	3527	3467	3537	3462	0
1076	3067	3066	3413	3408	3127	3468	3498	3463	0
1077	3408	3413	3414	3409	3498	3469	3508	3464	0
1078	3409	3414	3415	3410	3508	3470	3518	3465	0
1079	3410	3415	3416	3411	3518	3471	3528	3466	0
1080	3411	3416	3417	3412	3528	3472	3538	3467	0
1081	3066	3065	3418	3413	3126	3473	3499	3468	0
1082	3413	3418	3419	3414	3499	3474	3509	3469	0
1083	3414	3419	3420	3415	3509	3475	3519	3470	0
1084	3415	3420	3421	3416	3519	3476	3529	3471	0
1085	3416	3421	3422	3417	3529	3477	3539	3472	0
1086	3065	3064	3423	3418	3125	3478	3500	3473	0
1087	3418	3423	3424	3419	3500	3479	3510	3474	0
1088	3419	3424	3425	3420	3510	3480	3520	3475	0
1089	3420	3425	3426	3421	3520	3481	3530	3476	0
1090	3421	3426	3427	3422	3530	3482	3540	3477	0
1091	3064	3063	3428	3423	3124	3483	3501	3478	0
1092	3423	3428	3429	3424	3501	3484	3511	3479	0
1093	3424	3429	3430	3425	3511	3485	3521	3480	0
1094	3425	3430	3431	3426	3521	3486	3531	3481	0
1095	3426	3431	3432	3427	3531	3487	3541	3482	0
1096	3063	1937	3433	3428	3123	3488	3502	3483	0
1097	3428	3433	3434	3429	3502	3489	3512	3484	0
1098	3429	3434	3435	3430	3512	3490	3522	3485	0
1099	3430	3435	3436	3431	3522	3491	3532	3486	0
1100	3431	3436	3437	3432	3532	3492	3542	3487	0
1101	3543	3549	3550	3544	3653	3608	3663	3603	0
1102	3544	3550	3551	3545	3663	3609	3673	3604	0
1103	3545	3551	3552	3546	3673	3610	3683	3605	0
1104	3546	3552	3553	3547	3683	3611	3693	3606	0
1105	3547	3553	3554	3548	3693	3612	3703	3607	0
1106	3549	3555	3556	3550	3654	3613	3664	3608	0
1107	3550	3556	3557	3551	3664	3614	3674	3609	0
1108	3551	3557	3558	3552	3674	3615	3684	3610	0
1109	3552	3558	3559	3553	3684	3616	3694	3611	0
1110	3553	3559	3560	3554	3694	3617	3704	3612	0
1111	3555	3561	3562	3556	3655	3618	3665	3613	0
1112	3556	3562	3563	3557	3665	3619	3675	3614	0
1113	3557	3563	3564	3558	3675	3620	3685	3615	0
1114	3558	3564	3565	3559	3685	3621	3695	3616	0
1115	3559	3565	3566	3560	3695	3622	3705	3617	0
1116	3561	3567	3568	3562	3656	3623	3666	3618	0
1117	3562	3568	3569	3563	3666	3624	3676	3619	0
1118	3563	3569	3570	3564	3676	3625	3686	3620	0
1119	3564	3570	3571	3565	3686	3626	3696	3621	0
1120	3565	3571	3572	3566	3696	3627	3706	3622	0
1121	3567	3573	3574	3568	3657	3628	3667	3623	0
1122	3568	3574	3575	3569	3667	3629	3677	3624	0
1123	3569	3575	3576	3570	3677	3630	3687	3625	0
1124	3570	3576	3577	3571	3687	3631	3697	3626	0
1125	3571	3577	3578	3572	3697	3632	3707	3627	0
1126	3573	3579	3580	3574	3658	3633	3668	3628	0
1127	3574	3580	3581	3575	3668	3634	3678	3629	0
1128	3575	3581	3582	3576	3678	3635	3688	3630	0
1129	3576	3582	3583	3577	3688	3636	3698	3631	0
1130	3577	3583	3584	3578	3698	3637	3708	3632	0
1131	3579	3585	3586	3580	3659	3638	3669	3633	0
1132	3580	3586	3587	3581	3669	3639	3679	3634	0
1133	3581	3587	3588	3582	3679	3640	3689	3635	0
1134	3582	3588	3589	3583	3689	3641	3699	3636	0
1135	3583	3589	3590	3584	3699	3642	3709	3637	0
1136	3585	3591	3592	3586	3660	3643	3670	3638	0
1137	3586	3592	3593	3587	3670	3644	3680	3639	0
1138	3587	3593	3594	3588	3680	3645	3690	3640	0
1139	3588	3594	3595	3589	3690	3646	3700	3641	0
1140	3589	3595	3596	3590	3700	3647	3710	3642	0
1141	3591	3597	3598	3592	3661	3648	3671	3643	0
1142	3592	3598	3599	3593	3671	3649	3681	3644	0
1143	3593	3599	3600	3594	3681	3650	3691	3645	0
1144	3594	3600	3601	3595	3691	3651	3701	3646	0
1145	3595	3601	3602	3596	3701	3652	3711	3647	0
1146	3597	3072	3383	3598	3662	3438	3672	3648	0
1147	3598	3383	3384	3599	3672	3439	3682	3649	0
1148	3599	3384	3385	3600	3682	3440	3692	3650	0
1149	3600	3385	3386	3601	3692	3441	3702	3651	0
1150	3601	3386	3387	3602	3702	3442	3712	3652	0
1151	3122	3112	3714	3713	3232	3823	3763	3813	0
1152	3112	3102	3715	3714	3231	3833	3764	3823	0
1153	3102	3092	3716	3715	3230	3843	3765	3833	0
1154	3092	3082	3717	3716	3229	3853	3766	3843	0
1155	3082	3072	3597	3717	3228	3662	3767	3853	0
1156	3713	3714	3719	3718	3763	3824	3768	3814	0
1157	3714	3715	3720	3719	3764	3834	3769	3824	0
1158	3715	3716	3721	3720	3765	3844	3770	3834	0
1159	3716	3717	3722	3721	3766	3854	3771	3844	0
1160	3717	3597	3591	3722	3767	3661	3772	3854	0
1161	3718	3719	3724	3723	3768	3825	3773	3815	0
1162	3719	3720	3725	3724	3769	3835	3774	3825	0
1163	3720	3721	3726	3725	3770	3845	3775	3835	0
1164	3721	3722	3727	3726	3771	3855	3776	3845	0
1165	3722	3591	3585	3727	3772	3660	3777	3855	0
1166	3723	3724	3729	3728	3773	3826	3778	3816	0
1167	3724	3725	3730	3729	3774	3836	3779	3826	0
1168	3725	3726	3731	3730	3775	3846	3780	3836	0
1169	3726	3727	3732	3731	3776	3856	3781	3846	0
1170	3727	3585	3579	3732	3777	3659	3782	3856	0
1171	3728	3729	3734	3733	3778	3827	3783	3817	0
1172	3729	3730	3735	3734	3779	3837	3784	3827	0
1173	3730	3731	3736	3735	3780	3847	3785	3837	0
1174	3731	3732	3737	3736	3781	3857	3786	3847	0
1175	3732	3579	3573	3737	3782	3658	3787	3857	0
1176	3733	3734	3739	3738	3783	3828	3788	3818	0
1177	3734	3735	3740	3739	3784	3838	3789	3828	0
1178	3735	3736	3741	3740	3785	3848	3790	3838	0
1179	3736	3737	3742	3741	3786	3858	3791	3848	0
1180	3737	3573	3567	3742	3787	3657	3792	3858	0
1181	3738	3739	3744	3743	3788	3829	3793	3819	0
1182	3739	3740	3745	3744	3789	3839	3794	3829	0
1183	3740	3741	3746	3745	3790	3849	3795	3839	0
1184	3741	3742	3747	3746	3791	3859	3796	3849	0
1185	3742	3567	3561	3747	3792	3656	3797	3859	0
1186	3743	3744	3749	3748	3793	3830	3798	3820	0
1187	3744	3745	3750	3749	3794	3840	3799	3830	0
1188	3745	3746	3751	3750	3795	3850	3800	3840	0
1189	3746	3747	3752	3751	3796	3860	3801	3850	0
1190	3747	3561	3555	3752	3797	3655	3802	3860	0
1191	3748	3749	3754	3753	3798	3831	3803	3821	0
1192	3749	3750	3755	3754	3799	3841	3804	3831	0
1193	3750	3751	3756	3755	3800	3851	3805	3841	0
1194	3751	3752	3757	3756	3801	3861	3806	3851	0
1195	3752	3555	3549	3757	3802	3654	3807	3861	0
1196	3753	3754	3759	3758	3803	3832	3808	3822	0
1197	3754	3755	3760	3759	3804	3842	3809	3832	0
1198	3755	3756	3761	3760	3805	3852	3810	3842	0
1199	3756	3757	3762	3761	3806	3862	3811	3852	0
1200	3757	3549	3543	3762	3807	3653	3812	3862	0
1201	2048	3863	3864	2753	3972	3922	3982	2803	0
1202	2753	3864	3865	2754	3982	3923	3992	2804	0
1203	2754	3865	3866	2755	3992	3924	4002	2805	0
1204	2755	3866	3867	2756	4002	3925	4012	2806	0
1205	2756	3867	3868	2757	4012	3926	4022	2807	0
1206	3863	3869	3870	3864	3973	3927	3983	3922	0
1207	3864	3870	3871	3865	3983	3928	3993	3923	0
1208	3865	3871	3872	3866	3993	3929	4003	3924	0
1209	3866	3872	3873	3867	4003	3930	4013	3925	0
1210	3867	3873	3874	3868	4013	3931	4023	3926	0
1211	3869	3875	3876	3870	3974	3932	3984	3927	0
1212	3870	3876	3877	3871	3984	3933	3994	3928	0
1213	3871	3877	3878	3872	3994	3934	4004	3929	0
1214	3872	3878	3879	3873	4004	3935	4014	3930	0
1215	3873	3879	3880	3874	4014	3936	4024	3931	0
1216	3875	3881	3882	3876	3975	3937	3985	3932	0
1217	3876	3882	3883	3877	3985	3938	3995	3933	0
1218	3877	3883	3884	3878	3995	3939	4005	3934	0
1219	3878	3884	3885	3879	4005	3940	4015	3935	0
1220	3879	3885	3886	3880	4015	3941	4025	3936	0
1221	3881	3887	3888	3882	3976	3942	3986	3937	0
1222	3882	3888	3889	3883	3986	3943	3996	3938	0
1223	3883	3889	3890	3884	3996	3944	4006	3939	0
1224	3884	3890	3891	3885	4006	3945	4016	3940	0
1225	3885	3891	3892	3886	4016	3946	4026	3941	0
1226	3887	3893	3894	3888	3977	3947	3987	3942	0
1227	3888	3894	3895	3889	3987	3948	3997	3943	0
1228	3889	3895	3896	3890	3997	3949	4007	3944	0
1229	3890	3896	3897	3891	4007	3950	4017	3945	0
1230	3891	3897	3898	3892	4017	3951	4027	3946	0
1231	3893	3899	3900	3894	3978	3952	3988	3947	0
1232	3894	3900	3901	3895	3988	3953	3998	3948	0
1233	3895	3901	3902	3896	3998	3954	4008	3949	0
1234	3896	3902	3903	3897	4008	3955	4018	3950	0
1235	3897	3903	3904	3898	4018	3956	4028	3951	0
1236	3899	3905	3906	3900	3979	3957	3989	3952	0
1237	3900	3906	3907	3901	3989	3958	3999	3953	0
1238	3901	3907	3908	3902	3999	3959	4009	3954	0
1239	3902	3908	3909	3903	4009	3960	4019	3955	0
1240	3903	3909	3910	3904	4019	3961	4029	3956	0
1241	3905	3911	3912	3906	3980	3962	3990	3957	0
1242	3906	3912	3913	3907	3990	3963	4000	3958	0
1243	3907	3913	3914	3908	4000	3964	4010	3959	0
1244	3908	3914	3915	3909	4010	3965	4020	3960	0
1245	3909	3915	3916	3910	4020	3966	4030	3961	0
1246	3911	3758	3917	3912	3981	3967	3991	3962	0
1247	3912	3917	3918	3913	3991	3968	4001	3963	0
1248	3913	3918	3919	3914	4001	3969	4011	3964	0
1249	3914	3919	3920	3915	4011	3970	4021	3965	0
1250	3915	3920	3921	3916	4021	3971	4031	3966	0
1251	2048	2953	4032	3863	3008	4132	4082	3972	0
1252	2953	2954	4033	4032	3009	4142	4083	4132	0
1253	2954	2955	4034	4033	3010	4152	4084	4142	0
1254	2955	2956	4035	4034	3011	4162	4085	4152	0
1255	2956	2957	4036	4035	3012	4172	4086	4162	0
1256	3863	4032	4037	3869	4082	4133	4087	3973	0
1257	4032	4033	4038	4037	4083	4143	4088	4133	0
1258	4033	4034	4039	4038	4084	4153	4089	4143	0
1259	4034	4035	4040	4039	4085	4163	4090	4153	0
1260	4035	4036	4041	4040	4086	4173	4091	4163	0
1261	3869	4037	4042	3875	4087	4134	4092	3974	0
1262	4037	4038	4043	4042	4088	4144	4093	4134	0
1263	4038	4039	4044	4043	4089	4154	4094	4144	0
1264	4039	4040	4045	4044	4090	4164	4095	4154	0
1265	4040	4041	4046	4045	4091	4174	4096	4164	0
1266	3875	4042	4047	3881	4092	4135	4097	3975	0
1267	4042	4043	4048	4047	4093	4145	4098	4135	0
1268	4043	4044	4049	4048	4094	4155	4099	4145	0
1269	4044	4045	4050	4049	4095	4165	4100	4155	0
1270	4045	4046	4051	4050	4096	4175	4101	4165	0
1271	3881	4047	4052	3887	4097	4136	4102	3976	0
1272	4047	4048	4053	4052	4098	4146	4103	4136	0
1273	4048	4049	4054	4053	4099	4156	4104	4146	0
1274	4049	4050	4055	4054	4100	4166	4105	4156	0
1275	4050	4051	4056	4055	4101	4176	4106	4166	0
1276	3887	4052	4057	3893	4102	4137	4107	3977	0
1277	4052	4053	4058	4057	4103	4147	4108	4137	0
1278	4053	4054	4059	4058	4104	4157	4109	4147	0
1279	4054	4055	4060	4059	4105	4167	4110	4157	0
1280	4055	4056	4061	4060	4106	4177	4111	4167	0
1281	3893	4057	4062	3899	4107	4138	4112	3978	0
1282	4057	4058	4063	4062	4108	4148	4113	4138	0
1283	4058	4059	4064	4063	4109	4158	4114	4148	0
1284	4059	4060	4065	4064	4110	4168	4115	4158	0
1285	4060	4061	4066	4065	4111	4178	4116	4168	0
1286	3899	4062	4067	3905	4112	4139	4117	3979	0
1287	4062	4063	4068	4067	4113	4149	4118	4139	0
1288	4063	4064	4069	4068	4114	4159	4119	4149	0
1289	4064	4065	4070	4069	4115	4169	4120	4159	0
1290	4065	4066	4071	4070	4116	4179	4121	4169	0
1291	3905	4067	4072	3911	4117	4140	4122	3980	0
1292	4067	4068	4073	4072	4118	4150	4123	4140	0
1293	4068	4069	4074	4073	4119	4160	4124	4150	0
1294	4069	4070	4075	4074	4120	4170	4125	4160	0
1295	4070	4071	4076	4075	4121	4180	4126	4170	0
1296	3911	4072	4077	3758	4122	4141	4127	3981	0
1297	4072	4073	4078	4077	4123	4151	4128	4141	0
1298	4073	4074	4079	4078	4124	4161	4129	4151	0
1299	4074	4075	4080	4079	4125	4171	4130	4161	0
1300	4075	4076	4081	4080	4126	4181	4131	4171	0
1301	2482	2643	4183	4182	2698	4291	4236	4281	0
1302	2643	2644	4184	4183	2699	4301	4237	4291	0
1303	2644	2645	4185	4184	2700	4311	4238	4301	0
1304	2645	2646	4186	4185	2701	4321	4239	4311	0
1305	2646	2647	4187	4186	2702	4331	4240	4321	0
1306	4182	4183	4189	4188	4236	4292	4241	4282	0
1307	4183	4184	4190	4189	4237	4302	4242	4292	0
1308	4184	4185	4191	4190	4238	4312	4243	4302	0
1309	4185	4186	4192	4191	4239	4322	4244	4312	0
1310	4186	4187	4193	4192	4240	4332	4245	4322	0
1311	4188	4189	4195	4194	4241	4293	4246	4283	0
1312	4189	4190	4196	4195	4242	4303	4247	4293	0
1313	4190	4191	4197	4196	4243	4313	4248	4303	0
1314	4191	4192	4198	4197	4244	4323	4249	4313	0
1315	4192	4193	4199	4198	4245	4333	4250	4323	0
1316	4194	4195	4201	4200	4246	4294	4251	4284	0
1317	4195	4196	4202	4201	4247	4304	4252	4294	0
1318	4196	4197	4203	4202	4248	4314	4253	4304	0
1319	4197	4198	4204	4203	4249	4324	4254	4314	0
1320	4198	4199	4205	4204	4250	4334	4255	4324	0
1321	4200	4201	4207	4206	4251	4295	4256	4285	0
1322	4201	4202	4208	4207	4252	4305	4257	4295	0
1323	4202	4203	4209	4208	4253	4315	4258	4305	0
1324	4203	4204	4210	4209	4254	4325	4259	4315	0
1325	4204	4205	4211	4210	4255	4335	4260	4325	0
1326	4206	4207	4213	4212	4256	4296	4261	4286	0
1327	4207	4208	4214	4213	4257	4306	4262	4296	0
1328	4208	4209	4215	4214	4258	4316	4263	4306	0
1329	4209	4210	4216	4215	4259	4326	4264	4316	0
1330	4210	4211	4217	4216	4260	4336	4265	4326	0
1331	4212	4213	4219	4218	4261	4297	4266	4287	0
1332	4213	4214	4220	4219	4262	4307	4267	4297	0
1333	4214	4215	4221	4220	4263	4317	4268	4307	0
1334	4215	4216	4222	4221	4264	4327	4269	4317	0
1335	4216	4217	4223	4222	4265	4337	4270	4327	0
1336	4218	4219	4225	4224	4266	4298	4271	4288	0
1337	4219	4220	4226	4225	4267	4308	4272	4298	0
1338	4220	4221	4227	4226	4268	4318	4273	4308	0
1339	4221	4222	4228	4227	4269	4328	4274	4318	0
1340	4222	4223	4229	4228	4270	4338	4275	4328	0
1341	4224	4225	4231	4230	4271	4299	4276	4289	0
1342	4225	4226	4232	4231	4272	4309	4277	4299	0
1343	4226	4227	4233	4232	4273	4319	4278	4309	0
1344	4227	4228	4234	4233	4274	4329	4279	4319	0
1345	4228	4229	4235	4234	4275	4339	4280	4329	0
1346	4230	4231	3917	3758	4276	4300	3967	4290	0
1347	4231	4232	3918	3917	4277	4310	3968	4300	0
1348	4232	4233	3919	3918	4278	4320	3969	4310	0
1349	4233	4234	3920	3919	4279	4330	3970	4320	0
1350	4234	4235	3921	3920	4280	4340	3971	4330	0
1351	2482	4182	4341	2472	4281	4391	4441	2592	0
1352	2472	4341	4342	2462	4441	4392	4451	2591	0
1353	2462	4342	4343	2452	4451	4393	4461	2590	0
1354	2452	4343	4344	2442	4461	4394	4471	2589	0
1355	2442	4344	4345	2432	4471	4395	4481	2588	0
1356	4182	4188	4346	4341	4282	4396	4442	4391	0
1357	4341	4346	4347	4342	4442	4397	4452	4392	0
1358	4342	4347	4348	4343	4452	4398	4462	4393	0
1359	4343	4348	4349	4344	4462	4399	4472	4394	0
1360	4344	4349	4350	4345	4472	4400	4482	4395	0
1361	4188	4194	4351	4346	4283	4401	4443	4396	0
1362	4346	4351	4352	4347	4443	4402	4453	4397	0
1363	4347	4352	4353	4348	4453	4403	4463	4398	0
1364	4348	4353	4354	4349	4463	4404	4473	4399	0
1365	4349	4354	4355	4350	4473	4405	4483	4400	0
1366	4194	4200	4356	4351	4284	4406	4444	4401	0
1367	4351	4356	4357	4352	4444	4407	4454	4402	0
1368	4352	4357	4358	4353	4454	4408	4464	4403	0
1369	4353	4358	4359	4354	4464	4409	4474	4404	0
1370	4354	4359	4360	4355	4474	4410	4484	4405	0
1371	4200	4206	4361	4356	4285	4411	4445	4406	0
1372	4356	4361	4362	4357	4445	4412	4455	4407	0
1373	4357	4362	4363	4358	4455	4413	4465	4408	0
1374	4358	4363	4364	4359	4465	4414	4475	4409	0
1375	4359	4364	4365	4360	4475	4415	4485	4410	0
1376	4206	4212	4366	4361	4286	4416	4446	4411	0
1377	4361	4366	4367	4362	4446	4417	4456	4412	0
1378	4362	4367	4368	4363	4456	4418	4466	4413	0
1379	4363	4368	4369	4364	4466	4419	4476	4414	0
1380	4364	4369	4370	4365	4476	4420	4486	4415	0
1381	4212	4218	4371	4366	4287	4421	4447	4416	0
1382	4366	4371	4372	4367	4447	4422	4457	4417	0
1383	4367	4372	4373	4368	4457	4423	4467	4418	0
1384	4368	4373	4374	4369	4467	4424	4477	4419	0
1385	4369	4374	4375	4370	4477	4425	4487	4420	0
1386	4218	4224	4376	4371	4288	4426	4448	4421	0
1387	4371	4376	4377	4372	4448	4427	4458	4422	0
1388	4372	4377	4378	4373	4458	4428	4468	4423	0
1389	4373	4378	4379	4374	4468	4429	4478	4424	0
1390	4374	4379	4380	4375	4478	4430	4488	4425	0
1391	4224	4230	4381	4376	4289	4431	4449	4426	0
1392	4376	4381	4382	4377	4449	4432	4459	4427	0
1393	4377	4382	4383	4378	4459	4433	4469	4428	0
1394	4378	4383	4384	4379	4469	4434	4479	4429	0
1395	4379	4384	4385	4380	4479	4435	4489	4430	0
1396	4230	3758	4386	4381	4290	4436	4450	4431	0
1397	4381	4386	4387	4382	4450	4437	4460	4432	0
1398	4382	4387	4388	4383	4460	4438	4470	4433	0
1399	4383	4388	4389	4384	4470	4439	4480	4434	0
1400	4384	4389	4390	4385	4480	4440	4490	4435	0
1401	2363	2423	4496	4491	2483	4551	4601	4546	0
1402	4491	4496	4497	4492	4601	4552	4611	4547	0
1403	4492	4497	4498	4493	4611	4553	4621	4548	0
1404	4493	4498	4499	4494	4621	4554	4631	4549	0
1405	4494	4499	4500	4495	4631	4555	4641	4550	0
1406	2423	2424	4501	4496	2484	4556	4602	4551	0
1407	4496	4501	4502	4497	4602	4557	4612	4552	0
1408	4497	4502	4503	4498	4612	4558	4622	4553	0
1409	4498	4503	4504	4499	4622	4559	4632	4554	0
1410	4499	4504	4505	4500	4632	4560	4642	4555	0
1411	2424	2425	4506	4501	2485	4561	4603	4556	0
1412	4501	4506	4507	4502	4603	4562	4613	4557	0
1413	4502	4507	4508	4503	4613	4563	4623	4558	0
1414	4503	4508	4509	4504	4623	4564	4633	4559	0
1415	4504	4509	4510	4505	4633	4565	4643	4560	0
1416	2425	2426	4511	4506	2486	4566	4604	4561	0
1417	4506	4511	4512	4507	4604	4567	4614	4562	0
1418	4507	4512	4513	4508	4614	4568	4624	4563	0
1419	4508	4513	4514	4509	4624	4569	4634	4564	0
1420	4509	4514	4515	4510	4634	4570	4644	4565	0
1421	2426	2427	4516	4511	2487	4571	4605	4566	0
1422	4511	4516	4517	4512	4605	4572	4615	4567	0
1423	4512	4517	4518	4513	4615	4573	4625	4568	0
1424	4513	4518	4519	4514	4625	4574	4635	4569	0
1425	4514	4519	4520	4515	4635	4575	4645	4570	0
1426	2427	2428	4521	4516	2488	4576	4606	4571	0
1427	4516	4521	4522	4517	4606	4577	4616	4572	0
1428	4517	4522	4523	4518	4616	4578	4626	4573	0
1429	4518	4523	4524	4519	4626	4579	4636	4574	0
1430	4519	4524	4525	4520	4636	4580	4646	4575	0
1431	2428	2429	4526	4521	2489	4581	4607	4576	0
1432	4521	4526	4527	4522	4607	4582	4617	4577	0
1433	4522	4527	4528	4523	4617	4583	4627	4578	0
1434	4523	4528	4529	4524	4627	4584	4637	4579	0
1435	4524	4529	4530	4525	4637	4585	4647	4580	0
1436	2429	2430	4531	4526	2490	4586	4608	4581	0
1437	4526	4531	4532	4527	4608	4587	4618	4582	0
1438	4527	4532	4533	4528	4618	4588	4628	4583	0
1439	4528	4533	4534	4529	4628	4589	4638	4584	0
1440	4529	4534	4535	4530	4638	4590	4648	4585	0
1441	2430	2431	4536	4531	2491	4591	4609	4586	0
1442	4531	4536	4537	4532	4609	4592	4619	4587	0
1443	4532	4537	4538	4533	4619	4593	4629	4588	0
1444	4533	4538	4539	4534	4629	4594	4639	4589	0
1445	4534	4539	4540	4535	4639	4595	4649	4590	0
1446	2431	2432	4541	4536	2492	4596	4610	4591	0
1447	4536	4541	4542	4537	4610	4597	4620	4592	0
1448	4537	4542	4543	4538	4620	4598	4630	4593	0
1449	4538	4543	4544	4539	4630	4599	4640	4594	0
1450	4539	4544	4545	4540	4640	4600	4650	4595	0
1451	2432	4345	4651	4541	4481	4701	4751	4596	0
1452	4541	4651	4652	4542	4751	4702	4761	4597	0
1453	4542	4652	4653	4543	4761	4703	4771	4598	0
1454	4543	4653	4654	4544	4771	4704	4781	4599	0
1455	4544	4654	4655	4545	4781	4705	4791	4600	0
1456	4345	4350	4656	4651	4482	4706	4752	4701	0
1457	4651	4656	4657	4652	4752	4707	4762	4702	0
1458	4652	4657	4658	4653	4762	4708	4772	4703	0
1459	4653	4658	4659	4654	4772	4709	4782	4704	0
1460	4654	4659	4660	4655	4782	4710	4792	4705	0
1461	4350	4355	4661	4656	4483	4711	4753	4706	0
1462	4656	4661	4662	4657	4753	4712	4763	4707	0
1463	4657	4662	4663	4658	4763	4713	4773	4708	0
1464	4658	4663	4664	4659	4773	4714	4783	4709	0
1465	4659	4664	4665	4660	4783	4715	4793	4710	0
1466	4355	4360	4666	4661	4484	4716	4754	4711	0
1467	4661	4666	4667	4662	4754	4717	4764	4712	0
1468	4662	4667	4668	4663	4764	4718	4774	4713	0
1469	4663	4668	4669	4664	4774	4719	4784	4714	0
1470	4664	4669	4670	4665	4784	4720	4794	4715	0
1471	4360	4365	4671	4666	4485	4721	4755	4716	0
1472	4666	4671	4672	4667	4755	4722	4765	4717	0
1473	4667	4672	4673	4668	4765	4723	4775	4718	0
1474	4668	4673	4674	4669	4775	4724	4785	4719	0
1475	4669	4674	4675	4670	4785	4725	4795	4720	0
1476	4365	4370	4676	4671	4486	4726	4756	4721	0
1477	4671	4676	4677	4672	4756	4727	4766	4722	0
1478	4672	4677	4678	4673	4766	4728	4776	4723	0
1479	4673	4678	4679	4674	4776	4729	4786	4724	0
1480	4674	4679	4680	4675	4786	4730	4796	4725	0
1481	4370	4375	4681	4676	4487	4731	4757	4726	0
1482	4676	4681	4682	4677	4757	4732	4767	4727	0
1483	4677	4682	4683	4678	4767	4733	4777	4728	0
1484	4678	4683	4684	4679	4777	4734	4787	4729	0
1485	4679	4684	4685	4680	4787	4735	4797	4730	0
1486	4375	4380	4686	4681	4488	4736	4758	4731	0
1487	4681	4686	4687	4682	4758	4737	4768	4732	0
1488	4682	4687	4688	4683	4768	4738	4778	4733	0
1489	4683	4688	4689	4684	4778	4739	4788	4734	0
1490	4684	4689	4690	4685	4788	4740	4798	4735	0
1491	4380	4385	4691	4686	4489	4741	4759	4736	0
1492	4686	4691	4692	4687	4759	4742	4769	4737	0
1493	4687	4692	4693	4688	4769	4743	4779	4738	0
1494	4688	4693	4694	4689	4779	4744	4789	4739	0
1495	4689	4694	4695	4690	4789	4745	4799	4740	0
1496	4385	4390	4696	4691	4490	4746	4760	4741	0
1497	4691	4696	4697	4692	4760	4747	4770	4742	0
1498	4692	4697	4698	4693	4770	4748	4780	4743	0
1499	4693	4698	4699	4694	4780	4749	4790	4744	0
1500	4694	4699	4700	4695	4790	4750	4800	4745	0
1501	4390	4389	4802	4801	4440	4910	4855	4900	0
1502	4389	4388	4803	4802	4439	4920	4856	4910	0
1503	4388	4387	4804	4803	4438	4930	4857	4920	0
1504	4387	4386	4805	4804	4437	4940	4858	4930	0
1505	4386	3758	4806	4805	4436	4950	4859	4940	0
1506	4801	4802	4808	4807	4855	4911	4860	4901	0
1507	4802	4803	4809	4808	4856	4921	4861	4911	0
1508	4803	4804	4810	4809	4857	4931	4862	4921	0
1509	4804	4805	4811	4810	4858	4941	4863	4931	0
1510	4805	4806	4812	4811	4859	4951	4864	4941	0
1511	4807	4808	4814	4813	4860	4912	4865	4902	0
1512	4808	4809	4815	4814	4861	4922	4866	4912	0
1513	4809	4810	4816	4815	4862	4932	4867	4922	0
1514	4810	4811	4817	4816	4863	4942	4868	4932	0
1515	4811	4812	4818	4817	4864	4952	4869	4942	0
1516	4813	4814	4820	4819	4865	4913	4870	4903	0
1517	4814	4815	4821	4820	4866	4923	4871	4913	0
1518	4815	4816	4822	4821	4867	4933	4872	4923	0
1519	4816	4817	4823	4822	4868	4943	4873	4933	0
1520	4817	4818	4824	4823	4869	4953	4874	4943	0
1521	4819	4820	4826	4825	4870	4914	4875	4904	0
1522	4820	4821	4827	4826	4871	4924	4876	4914	0
1523	4821	4822	4828	4827	4872	4934	4877	4924	0
1524	4822	4823	4829	4828	4873	4944	4878	4934	0
1525	4823	4824	4830	4829	4874	4954	4879	4944	0
1526	4825	4826	4832	4831	4875	4915	4880	4905	0
1527	4826	4827	4833	4832	4876	4925	4881	4915	0
1528	4827	4828	4834	4833	4877	4935	4882	4925	0
1529	4828	4829	4835	4834	4878	4945	4883	4935	0
1530	4829	4830	4836	4835	4879	4955	4884	4945	0
1531	4831	4832	4838	4837	4880	4916	4885	4906	0
1532	4832	4833	4839	4838	4881	4926	4886	4916	0
1533	4833	4834	4840	4839	4882	4936	4887	4926	0
1534	4834	4835	4841	4840	4883	4946	4888	4936	0
1535	4835	4836	4842	4841	4884	4956	4889	4946	0
1536	4837	4838	4844	4843	4885	4917	4890	4907	0
1537	4838	4839	4845	4844	4886	4927	4891	4917	0
1538	4839	4840	4846	4845	4887	4937	4892	4927	0
1539	4840	4841	4847	4846	4888	4947	4893	4937	0
1540	4841	4842	4848	4847	4889	4957	4894	4947	0
1541	4843	4844	4850	4849	4890	4918	4895	4908	0
1542	4844	4845	4851	4850	4891	4928	4896	4918	0
1543	4845	4846	4852	4851	4892	4938	4897	4928	0
1544	4846	4847	4853	4852	4893	4948	4898	4938	0
1545	4847	4848	4854	4853	4894	4958	4899	4948	0
1546	4849	4850	676	6	4895	4919	831	4909	0
1547	4850	4851	675	676	4896	4929	830	4919	0
1548	4851	4852	674	675	4897	4939	829	4929	0
1549	4852	4853	673	674	4898	4949	828	4939	0
1550	4853	4854	672	673	4899	4959	827	4949	0
1551	3543	4960	4961	3762	5050	5005	5060	3812	0
1552	3762	4961	4962	3761	5060	5006	5070	3811	0
1553	3761	4962	4963	3760	5070	5007	5080	3810	0
1554	3760	4963	4964	3759	5080	5008	5090	3809	0
1555	3759	4964	4806	3758	5090	5009	4950	3808	0
1556	4960	4965	4966	4961	5051	5010	5061	5005	0
1557	4961	4966	4967	4962	5061	5011	5071	5006	0
1558	4962	4967	4968	4963	5071	5012	5081	5007	0
1559	4963	4968	4969	4964	5081	5013	5091	5008	0
1560	4964	4969	4812	4806	5091	5014	4951	5009	0
1561	4965	4970	4971	4966	5052	5015	5062	5010	0
1562	4966	4971	4972	4967	5062	5016	5072	5011	0
1563	4967	4972	4973	4968	5072	5017	5082	5012	0
1564	4968	4973	4974	4969	5082	5018	5092	5013	0
1565	4969	4974	4818	4812	5092	5019	4952	5014	0
1566	4970	4975	4976	4971	5053	5020	5063	5015	0
1567	4971	4976	4977	4972	5063	5021	5073	5016	0
1568	4972	4977	4978	4973	5073	5022	5083	5017	0
1569	4973	4978	4979	4974	5083	5023	5093	5018	0
1570	4974	4979	4824	4818	5093	5024	4953	5019	0
1571	4975	4980	4981	4976	5054	5025	5064	5020	0
1572	4976	4981	4982	4977	5064	5026	5074	5021	0
1573	4977	4982	4983	4978	5074	5027	5084	5022	0
1574	4978	4983	4984	4979	5084	5028	5094	5023	0
1575	4979	4984	4830	4824	5094	5029	4954	5024	0
1576	4980	4985	4986	4981	5055	5030	5065	5025	0
1577	4981	4986	4987	4982	5065	5031	5075	5026	0
1578	4982	4987	4988	4983	5075	5032	5085	5027	0
1579	4983	4988	4989	4984	5085	5033	5095	5028	0
1580	4984	4989	4836	4830	5095	5034	4955	5029	0
1581	4985	4990	4991	4986	5056	5035	5066	5030	0
1582	4986	4991	4992	4987	5066	5036	5076	5031	0
1583	4987	4992	4993	4988	5076	5037	5086	5032	0
1584	4988	4993	4994	4989	5086	5038	5096	5033	0
1585	4989	4994	4842	4836	5096	5039	4956	5034	0
1586	4990	4995	4996	4991	5057	5040	5067	5035	0
1587	4991	4996	4997	4992	5067	5041	5077	5036	0
1588	4992	4997	4998	4993	5077	5042	5087	5037	0
1589	4993	4998	4999	4994	5087	5043	5097	5038	0
1590	4994	4999	4848	4842	5097	5044	4957	5039	0
1591	4995	5000	5001	4996	5058	5045	5068	5040	0
1592	4996	5001	5002	4997	5068	5046	5078	5041	0
1593	4997	5002	5003	4998	5078	5047	5088	5042	0
1594	4998	5003	5004	4999	5088	5048	5098	5043	0
1595	4999	5004	4854	4848	5098	5049	4958	5044	0
1596	5000	986	985	5001	5059	1141	5069	5045	0
1597	5001	985	984	5002	5069	1140	5079	5046	0
1598	5002	984	983	5003	5079	1139	5089	5047	0
1599	5003	983	982	5004	5089	1138	5099	5048	0
1600	5004	982	672	4854	5099	1137	4959	5049	0
1601	986	5000	5100	1442	5059	5145	5190	1597	0
1602	1442	5100	5101	1443	5190	5146	5200	1598	0
1603	1443	5101	5102	1444	5200	5147	5210	1599	0
1604	1444	5102	5103	1445	5210	5148	5220	1600	0
1605	1445	5103	5104	1446	5220	5149	5230	1601	0
1606	5000	4995	5105	5100	5058	5150	5191	5145	0
1607	5100	5105	5106	5101	5191	5151	5201	5146	0
1608	5101	5106	5107	5102	5201	5152	5211	5147	0
1609	5102	5107	5108	5103	5211	5153	5221	5148	0
1610	5103	5108	5109	5104	5221	5154	5231	5149	0
1611	4995	4990	5110	5105	5057	5155	5192	5150	0
1612	5105	5110	5111	5106	5192	5156	5202	5151	0
1613	5106	5111	5112	5107	5202	5157	5212	5152	0
1614	5107	5112	5113	5108	5212	5158	5222	5153	0
1615	5108	5113	5114	5109	5222	5159	5232	5154	0
1616	4990	4985	5115	5110	5056	5160	5193	5155	0
1617	5110	5115	5116	5111	5193	5161	5203	5156	0
1618	5111	5116	5117	5112	5203	5162	5213	5157	0
1619	5112	5117	5118	5113	5213	5163	5223	5158	0
1620	5113	5118	5119	5114	5223	5164	5233	5159	0
1621	4985	4980	5120	5115	5055	5165	5194	5160	0
1622	5115	5120	5121	5116	5194	5166	5204	5161	0
1623	5116	5121	5122	5117	5204	5167	5214	5162	0
1624	5117	5122	5123	5118	5214	5168	5224	5163	0
1625	5118	5123	5124	5119	5224	5169	5234	5164	0
1626	4980	4975	5125	5120	5054	5170	5195	5165	0
1627	5120	5125	5126	5121	5195	5171	5205	5166	0
1628	5121	5126	5127	5122	5205	5172	5215	5167	0
1629	5122	5127	5128	5123	5215	5173	5225	5168	0
1630	5123	5128	5129	5124	5225	5174	5235	5169	0
1631	4975	4970	5130	5125	5053	5175	5196	5170	0
1632	5125	5130	5131	5126	5196	5176	5206	5171	0
1633	5126	5131	5132	5127	5206	5177	5216	5172	0
1634	5127	5132	5133	5128	5216	5178	5226	5173	0
1635	5128	5133	5134	5129	5226	5179	5236	5174	0
1636	4970	4965	5135	5130	5052	5180	5197	5175	0
1637	5130	5135	5136	5131	5197	5181	5207	5176	0
1638	5131	5136	5137	5132	5207	5182	5217	5177	0
1639	5132	5137	5138	5133	5217	5183	5227	5178	0
1640	5133	5138	5139	5134	5227	5184	5237	5179	0
1641	4965	4960	5140	5135	5051	5185	5198	5180	0
1642	5135	5140	5141	5136	5198	5186	5208	5181	0
1643	5136	5141	5142	5137	5208	5187	5218	5182	0
1644	5137	5142	5143	5138	5218	5188	5228	5183	0
1645	5138	5143	5144	5139	5228	5189	5238	5184	0
1646	4960	3543	3544	5140	5050	3603	5199	5185	0
1647	5140	3544	3545	5141	5199	3604	5209	5186	0
1648	5141	3545	3546	5142	5209	3605	5219	5187	0
1649	5142	3546	3547	5143	5219	3606	5229	5188	0
1650	5143	3547	3548	5144	5229	3607	5239	5189	0
1651	4390	4801	5240	4696	4900	5285	5330	4746	0
1652	4696	5240	5241	4697	5330	5286	5340	4747	0
1653	4697	5241	5242	4698	5340	5287	5350	4748	0
1654	4698	5242	5243	4699	5350	5288	5360	4749	0
1655	4699	5243	5244	4700	5360	5289	5370	4750	0
1656	4801	4807	5245	5240	4901	5290	5331	5285	0
1657	5240	5245	5246	5241	5331	5291	5341	5286	0
1658	5241	5246	5247	5242	5341	5292	5351	5287	0
1659	5242	5247	5248	5243	5351	5293	5361	5288	0
1660	5243	5248	5249	5244	5361	5294	5371	5289	0
1661	4807	4813	5250	5245	4902	5295	5332	5290	0
1662	5245	5250	5251	5246	5332	5296	5342	5291	0
1663	5246	5251	5252	5247	5342	5297	5352	5292	0
1664	5247	5252	5253	5248	5352	5298	5362	5293	0
1665	5248	5253	5254	5249	5362	5299	5372	5294	0
1666	4813	4819	5255	5250	4903	5300	5333	5295	0
1667	5250	5255	5256	5251	5333	5301	5343	5296	0
1668	5251	5256	5257	5252	5343	5302	5353	5297	0
1669	5252	5257	5258	5253	5353	5303	5363	5298	0
1670	5253	5258	5259	5254	5363	5304	5373	5299	0
1671	4819	4825	5260	5255	4904	5305	5334	5300	0
1672	5255	5260	5261	5256	5334	5306	5344	5301	0
1673	5256	5261	5262	5257	5344	5307	5354	5302	0
1674	5257	5262	5263	5258	5354	5308	5364	5303	0
1675	5258	5263	5264	5259	5364	5309	5374	5304	0
1676	4825	4831	5265	5260	4905	5310	5335	5305	0
1677	5260	5265	5266	5261	5335	5311	5345	5306	0
1678	5261	5266	5267	5262	5345	5312	5355	5307	0
1679	5262	5267	5268	5263	5355	5313	5365	5308	0
1680	5263	5268	5269	5264	5365	5314	5375	5309	0
1681	4831	4837	5270	5265	4906	5315	5336	5310	0
1682	5265	5270	5271	5266	5336	5316	5346	5311	0
1683	5266	5271	5272	5267	5346	5317	5356	5312	0
1684	5267	5272	5273	5268	5356	5318	5366	5313	0
1685	5268	5273	5274	5269	5366	5319	5376	5314	0
1686	4837	4843	5275	5270	4907	5320	5337	5315	0
1687	5270	5275	5276	5271	5337	5321	5347	5316	0
1688	5271	5276	5277	5272	5347	5322	5357	5317	0
1689	5272	5277	5278	5273	5357	5323	5367	5318	0
1690	5273	5278	5279	5274	5367	5324	5377	5319	0
1691	4843	4849	5280	5275	4908	5325	5338	5320	0
1692	5275	5280	5281	5276	5338	5326	5348	5321	0
1693	5276	5281	5282	5277	5348	5327	5358	5322	0
1694	5277	5282	5283	5278	5358	5328	5368	5323	0
1695	5278	5283	5284	5279	5368	5329	5378	5324	0
1696	4849	6	5	5280	4909	191	5339	5325	0
1697	5280	5	4	5281	5339	190	5349	5326	0
1698	5281	4	3	5282	5349	189	5359	5327	0
1699	5282	3	2	5283	5359	188	5369	5328	0
1700	5283	2	1	5284	5369	187	5379	5329	0
1701	3758	4077	5380	3753	4127	5470	5425	3822	0
1702	4077	4078	5381	5380	4128	5480	5426	5470	0
1703	4078	4079	5382	5381	4129	5490	5427	5480	0
1704	4079	4080	5383	5382	4130	5500	5428	5490	0
1705	4080	4081	5384	5383	4131	5510	5429	5500	0
1706	3753	5380	5385	3748	5425	5471	5430	3821	0
1707	5380	5381	5386	5385	5426	5481	5431	5471	0
1708	5381	5382	5387	5386	5427	5491	5432	5481	0
1709	5382	5383	5388	5387	5428	5501	5433	5491	0
1710	5383	5384	5389	5388	5429	5511	5434	5501	0
1711	3748	5385	5390	3743	5430	5472	5435	3820	0
1712	5385	5386	5391	5390	5431	5482	5436	5472	0
1713	5386	5387	5392	5391	5432	5492	5437	5482	0
1714	5387	5388	5393	5392	5433	5502	5438	5492	0
1715	5388	5389	5394	5393	5434	5512	5439	5502	0
1716	3743	5390	5395	3738	5435	5473	5440	3819	0
1717	5390	5391	5396	5395	5436	5483	5441	5473	0
1718	5391	5392	5397	5396	5437	5493	5442	5483	0
1719	5392	5393	5398	5397	5438	5503	5443	5493	0
1720	5393	5394	5399	5398	5439	5513	5444	5503	0
1721	3738	5395	5400	3733	5440	5474	5445	3818	0
1722	5395	5396	5401	5400	5441	5484	5446	5474	0
1723	5396	5397	5402	5401	5442	5494	5447	5484	0
1724	5397	5398	5403	5402	5443	5504	5448	5494	0
1725	5398	5399	5404	5403	5444	5514	5449	5504	0
1726	3733	5400	5405	3728	5445	5475	5450	3817	0
1727	5400	5401	5406	5405	5446	5485	5451	5475	0
1728	5401	5402	5407	5406	5447	5495	5452	5485	0
1729	5402	5403	5408	5407	5448	5505	5453	5495	0
1730	5403	5404	5409	5408	5449	5515	5454	5505	0
1731	3728	5405	5410	3723	5450	5476	5455	3816	0
1732	5405	5406	5411	5410	5451	5486	5456	5476	0
1733	5406	5407	5412	5411	5452	5496	5457	5486	0
1734	5407	5408	5413	5412	5453	5506	5458	5496	0
1735	5408	5409	5414	5413	5454	5516	5459	5506	0
1736	3723	5410	5415	3718	5455	5477	5460	3815	0
1737	5410	5411	5416	5415	5456	5487	5461	5477	0
1738	5411	5412	5417	5416	5457	5497	5462	5487	0
1739	5412	5413	5418	5417	5458	5507	5463	5497	0
1740	5413	5414	5419	5418	5459	5517	5464	5507	0
1741	3718	5415	5420	3713	5460	5478	5465	3814	0
1742	5415	5416	5421	5420	5461	5488	5466	5478	0
1743	5416	5417	5422	5421	5462	5498	5467	5488	0
1744	5417	5418	5423	5422	5463	5508	5468	5498	0
1745	5418	5419	5424	5423	5464	5518	5469	5508	0
1746	3713	5420	3282	3122	5465	5479	3332	3813	0
1747	5420	5421	3281	3282	5466	5489	3331	5479	0
1748	5421	5422	3280	3281	5467	5499	3330	5489	0
1749	5422	5423	3279	3280	5468	5509	3329	5499	0
1750	5423	5424	3278	3279	5469	5519	3328	5509	0
