*ADINA-A 9.3.E                                                                  
C*!!! DO NOT EDIT THE NEXT   4 RECORDS WHICH CONTROL FILE I/O                   
C*FILEIO   2                                                                    
C*RES   8   2                                                                   
C*POR  60   2                                                                   
C*FILEIO                                                                        
C*ADINA                                                                         
 *** NO HEADING DEFINED ***
C***  [1] MASTER CONTROL RECORD 1
         9   0011110    1    0    1         1  1.000000000000        0         9
  0.000000000000    010 4    0    1  0 0    0    0    2    0    0 00 0       0.0
         0         0       0.03.00000000       0.0    0    0    0    8  100    0
    0    0    0    0       0.0       0.0    0    0         0         0 0  0   11
         1         1    0    0    0 0  0         9    0    0    0    0    0    0
         1         0         0       0.0       0.0       0.0       0.0    0    0
.100000E-51000000.00         0         0         0       0.0    013  1         0
C***  [2] MASTER CONTROL RECORD 2
         1         4         0    0    0    2 3000 1 0 0 0 0 0 0 0 00001      00
         0         9         0         0         0         0         9         0
         0.100000E-9    1    0    0    0    0    000  0 0  0 0  0    1    0    0
         0         0         0         0         0         0         045.0000000
    0    0    1
C***  [3] LOAD CONTROL
         1         2         0         0         0         0         0         0
         0         0         0         0         0         0         0         0
         0         0         0         0         0         0         0         0
    0    0    0    0    2    0    0    0    0    0    0    0    0    0    0 0  0
C***  [4] MASS AND DAMPING CONTROL
    0    0    0    0       0.0       0.0         0         0.100000E-3    0    0
    0    0    0    0    0    0    0    0         0         0
C***  [5] EIGENVALUE SOLUTION CONTROL
    0    1    0   -1    0    0    0    0    1            0.0    1   50    0
    0    0    0    0    1    0    1            0.0       0.0.540000000       0.0
C***  [6] TIME INTEGRATION METHOD CONTROL
    0    0.500000000.250000000    0    0    0    0    0.010000000              0
         1.900000000.0010000008.00000000       0.0       0.01.00000000.500000000
C***  [7] INCREMENTAL SOLUTION CONTROL
 3  0   -3  1 120 15.001000000.010000000.050000000.500000000       0.0       0.0
    1
C***  [7A] ITERATIVE SOLUTION PARAMETERS
    0    4    1.100000E-5.100000E-3.100000E-71.00000000       0.0    0       0.0
C***  [8] PRINT-OUT CONTROL
    1    0    0    1    1    1    0    0    1    0    0    1    0    0    0    2
C***  [9] PORTHOLE SAVE CONTROL
    1    1    1   60   60    0         1    1    1    1    1    0    0.100000E-8
C***  STIFFNESS REFORMATION TIME STEP BLOCKS
         1         1         1
C***  EQUILIBRIUM ITERATION TIME STEP BLOCKS
         1         1         1
C***  NODAL RESPONSE SAVE TIME STEP BLOCKS
         1         1         1
C***  ELEMENT RESPONSE SAVE TIME STEP BLOCKS
         1         1         1
C***  NODAL QUANTITIES SAVE NODE BLOCKS
         1         1         1
C***  TIME FUNCTIONS
         1         2
         1         2         1            0.000000000000      0.000000000000    
  0.000000000000    
  0.000000000000      1.000000000000     0.1000000000000E+21  1.000000000000    
C***  FSI CONTROL
         0         0         0         0         0         0
C***  NODAL POINT DATA
         1  0.000000000000      0.000000000000      0.000000000000     0 0 1 0 0
       101         0         0         0         0         0         0          
         0         0         0         0         0         0
         2  1.500000000000      0.000000000000      0.000000000000     0 0 1 0 0
         1         0         0         0         0         0         0          
         1         2         0         0         0         0
         3  3.000000000000      0.000000000000      0.000000000000     0 0 1 0 0
       101         0         0         0         0         0         0          
         3         0         0         0         0         0
         4  0.000000000000      1.000000000000      0.000000000000     0 0 1 0 0
         1         0         0         0         0         0         0          
         4         5         0         0         0         0
         5  1.500000000000      1.000000000000      0.000000000000     0 0 1 0 0
         1         0         0         0         0         0         0          
         6         7         0         0         0         0
         6  3.000000000000      1.000000000000      0.000000000000     0 0 1 0 0
         1         0         0         0         0         0         0          
         8         9         0         0         0         0
         7  0.000000000000      2.000000000000      0.000000000000     0 0 1 0 0
       101         0         0         0         0         0         0          
         0         0         0         0         0         0
         8  1.500000000000      2.000000000000      0.000000000000     0 0 1 0 0
         1         0         0         0         0         0         0          
        10        11         0         0         0         0
         9  3.000000000000      2.000000000000      0.000000000000     0 0 1 0 0
         1         0         0         0         0         0         0          
        12        13         0         0         0         0
C***  INITIAL CONDITIONS
    0    0    0    0    0    0    0    0    0    0    0       0.0       0.0
C***  ELEMENT GROUP          1     TWODSOLID
 2     4   0   0   2   0   4   1   0   2   0   0   0   0   1   1   0   0 0     1
   0   0   0   0   0   0   0   0   0   0   0   0   0   0   0   0   0   0   0   0
       0       0       0       0       0       0       0       0       0       0
       0       0       0      -1       1       0       0       0       0       0
       0       0       0       0       0       0       0       0       0       0
       0       0       0       0      26       0       1       0       0       0
  0.000000000000      0.000000000000      0.000000000000      0.000000000000    
  0.000000000000      0.000000000000      0.000000000000      0.000000000000    
  0.000000000000      1.000000000000      0.000000000000      0.000000000000    
  0.000000000000      0.000000000000      0.000000000000      0.000000000000    
         0         0         0         0         0         0         0         0
         0         0         0         0         0         0         0         0
         0         0         0         0         0         0         0         4
         4     17441
C***  MATERIAL PROPERTIES
         1  0.000000000000    
  30000000.00000     0.2500000000000      0.000000000000    
C***  THICKNESS TABLES
 0.5000000000000     0.5000000000000     0.5000000000000     0.5000000000000    
C***  ELEMENT DATA
         1  4 0    1    1000 1         1       0.0       0.0       0.0       0.0
         1         2         5         4         0         0         0         0
         2  4 0    1    1000 1         1       0.0       0.0       0.0       0.0
         2         3         6         5         0         0         0         0
         3  4 0    1    1000 1         1       0.0       0.0       0.0       0.0
         4         5         8         7         0         0         0         0
         4  4 0    1    1000 1         1       0.0       0.0       0.0       0.0
         5         6         9         8         0         0         0         0
C*** CONCENTRATED LOADS
         9    2         1-1000.0000       0.0    0         0         0
C*** 2D PRESSURE LOADS
         1    0    0         0         1         3         8         7         0
       0.0300.000000300.000000
         1    0    0         0         1         4         9         8         0
       0.0300.000000300.000000
STOP
