*ADINA-A 9.3.E                                                                  
C*!!! DO NOT EDIT THE NEXT   4 RECORDS WHICH CONTROL FILE I/O                   
C*FILEIO   2                                                                    
C*RES   8   2                                                                   
C*POR  60   2                                                                   
C*FILEIO                                                                        
C*ADINA                                                                         
 *** NO HEADING DEFINED ***
C***  [1] MASTER CONTROL RECORD 1
        13   0000000    1    0    1         1  1.000000000000        0        13
  0.000000000000    010 4    0    1  0 0    0    0    2    0    0 00 0       0.0
         0         0       0.09.60000000       0.0    0    0    0   30  100    0
    0    0    0    0       0.0       0.0    0    0         0         0 0  0   11
         1         1    0    0    0 0  0        13    0    0    0    0    0    0
         1         0         0       0.0       0.0       0.0       0.0    0    0
.100000E-51000000.00         0         0         0       0.0    013  1         0
C***  [2] MASTER CONTROL RECORD 2
         1        21         0    0    0    2 3000 1 0 0 0 0 0 0 0 00001      00
         0        12         0         0         0         0        13         0
         0.100000E-9    1    0    0    0    0    000  0 0  0 0  0    0    0    0
         0         0         0         0         0         0         045.0000000
    0    0    1
C***  [3] LOAD CONTROL
         0         0         0         6         0         0         0         0
         0         0         0         0         0         0         0         0
         0         0         0         0         0         0         0         0
    0    0    0    0    2    0    0    0    0    0    0    0    0    0    0 0  0
C***  [4] MASS AND DAMPING CONTROL
    0    0    0    0       0.0       0.0         0         0.100000E-3    0    0
    0    0    0    0    0    0    0    0         0         0
C***  [5] EIGENVALUE SOLUTION CONTROL
    0    1    0   -1    0    0    0    0    1            0.0    1   50    0
    0    0    0    0    1    0    1            0.0       0.0.540000000       0.0
C***  [6] TIME INTEGRATION METHOD CONTROL
    0    0.500000000.250000000    0    0    0    0    0.010000000              0
         1.900000000.0010000008.00000000       0.0       0.01.00000000.500000000
C***  [7] INCREMENTAL SOLUTION CONTROL
 3  0   -3  1 120 15.001000000.010000000.050000000.500000000       0.0       0.0
    1
C***  [7A] ITERATIVE SOLUTION PARAMETERS
    0    5    1.100000E-5.100000E-3.100000E-71.00000000       0.0    0       0.0
C***  [8] PRINT-OUT CONTROL
    1    0    0    1    1    1    0    0    1    0    0    1    0    0    0    2
C***  [9] PORTHOLE SAVE CONTROL
    1    1    1   60   60    0         1    1    1    1    1    0    0.100000E-8
C***  STIFFNESS REFORMATION TIME STEP BLOCKS
         1         1         1
C***  EQUILIBRIUM ITERATION TIME STEP BLOCKS
         1         1         1
C***  NODAL RESPONSE SAVE TIME STEP BLOCKS
         1         1         1
C***  ELEMENT RESPONSE SAVE TIME STEP BLOCKS
         1         1         1
C***  NODAL QUANTITIES SAVE NODE BLOCKS
         1         1         1
C***  TIME FUNCTIONS
         1         2
         1         2         1            0.000000000000      0.000000000000    
  0.000000000000    
  0.000000000000      1.000000000000     0.1000000000000E+21  1.000000000000    
C***  FSI CONTROL
         0         0         0         0         0         0
C***  NODAL POINT DATA
         1  0.000000000000      0.000000000000      0.000000000000     0 0 1 0 0
       101         0         0         0         0         0         0          
         0         0         0         0         0         1
         2  1.600000000000     -1.000000000000      0.000000000000     0 0 1 0 0
         1         0         0         0         0         0         0          
         2         3         4         5         6         7
         3  0.000000000000      1.000000000000      0.000000000000     0 0 1 0 0
         1         0         0         0         0         0         0          
         0         0         0         0         0         0
         4  1.600000000000      0.000000000000      0.000000000000     0 0 1 0 0
         1         0         0         0         0         0         0          
         8         9        10        11        12        13
         5  3.200000000000     -1.500000000000      0.000000000000     0 0 1 0 0
         1         0         0         0         0         0         0          
        14        15        16        17        18        19
         6  3.200000000000      0.000000000000      0.000000000000     0 0 1 0 0
         1         0         0         0         0         0         0          
        20        21        22        23        24        25
         7  4.800000000000     -1.700000000000      0.000000000000     0 0 1 0 0
         1         0         0         0         0         0         0          
        26        27        28        29        30        31
         8  4.800000000000      0.000000000000      0.000000000000     0 0 1 0 0
         1         0         0         0         0         0         0          
        32        33        34        35        36        37
         9  6.400000000000     -1.500000000000      0.000000000000     0 0 1 0 0
         1         0         0         0         0         0         0          
        38        39        40        41        42        43
        10  6.400000000000      0.000000000000      0.000000000000     0 0 1 0 0
         1         0         0         0         0         0         0          
        44        45        46        47        48        49
        11  8.000000000000     -1.000000000000      0.000000000000     0 0 1 0 0
         1         0         0         0         0         0         0          
        50        51        52        53        54        55
        12  8.000000000000      0.000000000000      0.000000000000     0 0 1 0 0
         1         0         0         0         0         0         0          
        56        57        58        59        60        61
        13  9.600000000000      0.000000000000      0.000000000000     0 0 1 0 0
       101         0         0         0         0         0         0          
        62         0         0         0         0        63
C***  INITIAL CONDITIONS
    0    0    0    0    0    0    0    0    0    0    0       0.0       0.0
C***  ELEMENT GROUP          1     BEAM
 4    21   0   0   1   0   3   0   5   0   0   0   0   0   1   1   0   0 0     1
   0   0   0   0   0   0   0   0   0   0   0   0   0   0   0   0   0   0   0   0
       0       0       0       0       0       0       0       0       0       0
       0       0       0      -1       0       0       0       0       0      49
       0       0       2       0       0       0       0       1      22      24
       0       0       0       0       0       0       1       0       0       0
  0.000000000000      0.000000000000      0.000000000000      0.000000000000    
 0.1000000000000E-01  0.000000000000      0.000000000000      0.000000000000    
  0.000000000000      0.000000000000      0.000000000000      0.000000000000    
  0.000000000000      0.000000000000      0.000000000000      0.000000000000    
C***  SECTION AND MATERIAL PROPERTIES
         1  0.000000000000    
         1        22        24         0         2         7         0         7
         7         0         0         0         0         0         0         0
         0        23         0         0         0         0
 0.1000000000000     0.1000000000000      0.000000000000      0.000000000000    
  1.000000000000      0.000000000000      0.000000000000      0.000000000000    
  0.000000000000      0.000000000000      0.000000000000      0.000000000000    
  0.000000000000      0.000000000000      0.000000000000      0.000000000000    
  0.000000000000      0.000000000000      0.000000000000      0.000000000000    
  0.000000000000      0.000000000000      0.000000000000      0.000000000000    
  210000000000.0     0.3000000000000      0.000000000000    
C***  ELEMENT DATA
         1         1         2         3    1    0    1       0.0    0 0  1 0  0
       0.0       0.0       0.0       0.01.00000000       0.0       0.0       0.0
         2         1         4         3    1    0    1       0.0    0 0  1 0  0
       0.0       0.0       0.0       0.01.00000000       0.0       0.0       0.0
         3         2         4         3    1    0    1       0.0    0 0  1 0  0
       0.0       0.0       0.0       0.01.00000000       0.0       0.0       0.0
         4         2         5         3    1    0    1       0.0    0 0  1 0  0
       0.0       0.0       0.0       0.01.00000000       0.0       0.0       0.0
         5         4         5         3    1    0    1       0.0    0 0  1 0  0
       0.0       0.0       0.0       0.01.00000000       0.0       0.0       0.0
         6         4         6         3    1    0    1       0.0    0 0  1 0  0
       0.0       0.0       0.0       0.01.00000000       0.0       0.0       0.0
         7         5         6         3    1    0    1       0.0    0 0  1 0  0
       0.0       0.0       0.0       0.01.00000000       0.0       0.0       0.0
         8         5         7         3    1    0    1       0.0    0 0  1 0  0
       0.0       0.0       0.0       0.01.00000000       0.0       0.0       0.0
         9         6         7         3    1    0    1       0.0    0 0  1 0  0
       0.0       0.0       0.0       0.01.00000000       0.0       0.0       0.0
        10         6         8         3    1    0    1       0.0    0 0  1 0  0
       0.0       0.0       0.0       0.01.00000000       0.0       0.0       0.0
        11         7         8         3    1    0    1       0.0    0 0  1 0  0
       0.0       0.0       0.0       0.01.00000000       0.0       0.0       0.0
        12         7         9         3    1    0    1       0.0    0 0  1 0  0
       0.0       0.0       0.0       0.01.00000000       0.0       0.0       0.0
        13         7        10         3    1    0    1       0.0    0 0  1 0  0
       0.0       0.0       0.0       0.01.00000000       0.0       0.0       0.0
        14         8        10         3    1    0    1       0.0    0 0  1 0  0
       0.0       0.0       0.0       0.01.00000000       0.0       0.0       0.0
        15         9        10         3    1    0    1       0.0    0 0  1 0  0
       0.0       0.0       0.0       0.01.00000000       0.0       0.0       0.0
        16         9        11         3    1    0    1       0.0    0 0  1 0  0
       0.0       0.0       0.0       0.01.00000000       0.0       0.0       0.0
        17         9        12         3    1    0    1       0.0    0 0  1 0  0
       0.0       0.0       0.0       0.01.00000000       0.0       0.0       0.0
        18        10        12         3    1    0    1       0.0    0 0  1 0  0
       0.0       0.0       0.0       0.01.00000000       0.0       0.0       0.0
        19        11        12         3    1    0    1       0.0    0 0  1 0  0
       0.0       0.0       0.0       0.01.00000000       0.0       0.0       0.0
        20        11        13         3    1    0    1       0.0    0 0  1 0  0
       0.0       0.0       0.0       0.01.00000000       0.0       0.0       0.0
        21        12        13         3    1    0    1       0.0    0 0  1 0  0
       0.0       0.0       0.0       0.01.00000000       0.0       0.0       0.0
C*** DISTRIBUTED BEAM LOADS
         1   12-10000.000-10000.000    1       0.0    0    0
         1         4         3         1         2
         1   12-10000.000-10000.000    1       0.0    0    0
         4         6         3         1         6
         1   12-10000.000-10000.000    1       0.0    0    0
         6         8         3         1        10
         1   12-10000.000-10000.000    1       0.0    0    0
         8        10         3         1        14
         1   12-10000.000-10000.000    1       0.0    0    0
        10        12         3         1        18
         1   12-10000.000-10000.000    1       0.0    0    0
        12        13         3         1        21
STOP
