1	1	2	63	62	0	0	0	0	0
2	2	3	64	63	0	0	0	0	0
3	3	4	65	64	0	0	0	0	0
4	4	5	66	65	0	0	0	0	0
5	5	6	67	66	0	0	0	0	0
6	6	7	68	67	0	0	0	0	0
7	7	8	69	68	0	0	0	0	0
8	8	9	70	69	0	0	0	0	0
9	9	10	71	70	0	0	0	0	0
10	10	11	72	71	0	0	0	0	0
11	11	12	73	72	0	0	0	0	0
12	12	13	74	73	0	0	0	0	0
13	13	14	75	74	0	0	0	0	0
14	14	15	76	75	0	0	0	0	0
15	15	16	77	76	0	0	0	0	0
16	16	17	78	77	0	0	0	0	0
17	17	18	79	78	0	0	0	0	0
18	18	19	80	79	0	0	0	0	0
19	19	20	81	80	0	0	0	0	0
20	20	21	82	81	0	0	0	0	0
21	21	22	83	82	0	0	0	0	0
22	22	23	84	83	0	0	0	0	0
23	23	24	85	84	0	0	0	0	0
24	24	25	86	85	0	0	0	0	0
25	25	26	87	86	0	0	0	0	0
26	26	27	88	87	0	0	0	0	0
27	27	28	89	88	0	0	0	0	0
28	28	29	90	89	0	0	0	0	0
29	29	30	91	90	0	0	0	0	0
30	30	31	92	91	0	0	0	0	0
31	31	32	93	92	0	0	0	0	0
32	32	33	94	93	0	0	0	0	0
33	33	34	95	94	0	0	0	0	0
34	34	35	96	95	0	0	0	0	0
35	35	36	97	96	0	0	0	0	0
36	36	37	98	97	0	0	0	0	0
37	37	38	99	98	0	0	0	0	0
38	38	39	100	99	0	0	0	0	0
39	39	40	101	100	0	0	0	0	0
40	40	41	102	101	0	0	0	0	0
41	41	42	103	102	0	0	0	0	0
42	42	43	104	103	0	0	0	0	0
43	43	44	105	104	0	0	0	0	0
44	44	45	106	105	0	0	0	0	0
45	45	46	107	106	0	0	0	0	0
46	46	47	108	107	0	0	0	0	0
47	47	48	109	108	0	0	0	0	0
48	48	49	110	109	0	0	0	0	0
49	49	50	111	110	0	0	0	0	0
50	50	51	112	111	0	0	0	0	0
51	51	52	113	112	0	0	0	0	0
52	52	53	114	113	0	0	0	0	0
53	53	54	115	114	0	0	0	0	0
54	54	55	116	115	0	0	0	0	0
55	55	56	117	116	0	0	0	0	0
56	56	57	118	117	0	0	0	0	0
57	57	58	119	118	0	0	0	0	0
58	58	59	120	119	0	0	0	0	0
59	59	60	121	120	0	0	0	0	0
60	60	61	122	121	0	0	0	0	0
61	62	63	124	123	0	0	0	0	0
62	63	64	125	124	0	0	0	0	0
63	64	65	126	125	0	0	0	0	0
64	65	66	127	126	0	0	0	0	0
65	66	67	128	127	0	0	0	0	0
66	67	68	129	128	0	0	0	0	0
67	68	69	130	129	0	0	0	0	0
68	69	70	131	130	0	0	0	0	0
69	70	71	132	131	0	0	0	0	0
70	71	72	133	132	0	0	0	0	0
71	72	73	134	133	0	0	0	0	0
72	73	74	135	134	0	0	0	0	0
73	74	75	136	135	0	0	0	0	0
74	75	76	137	136	0	0	0	0	0
75	76	77	138	137	0	0	0	0	0
76	77	78	139	138	0	0	0	0	0
77	78	79	140	139	0	0	0	0	0
78	79	80	141	140	0	0	0	0	0
79	80	81	142	141	0	0	0	0	0
80	81	82	143	142	0	0	0	0	0
81	82	83	144	143	0	0	0	0	0
82	83	84	145	144	0	0	0	0	0
83	84	85	146	145	0	0	0	0	0
84	85	86	147	146	0	0	0	0	0
85	86	87	148	147	0	0	0	0	0
86	87	88	149	148	0	0	0	0	0
87	88	89	150	149	0	0	0	0	0
88	89	90	151	150	0	0	0	0	0
89	90	91	152	151	0	0	0	0	0
90	91	92	153	152	0	0	0	0	0
91	92	93	154	153	0	0	0	0	0
92	93	94	155	154	0	0	0	0	0
93	94	95	156	155	0	0	0	0	0
94	95	96	157	156	0	0	0	0	0
95	96	97	158	157	0	0	0	0	0
96	97	98	159	158	0	0	0	0	0
97	98	99	160	159	0	0	0	0	0
98	99	100	161	160	0	0	0	0	0
99	100	101	162	161	0	0	0	0	0
100	101	102	163	162	0	0	0	0	0
101	102	103	164	163	0	0	0	0	0
102	103	104	165	164	0	0	0	0	0
103	104	105	166	165	0	0	0	0	0
104	105	106	167	166	0	0	0	0	0
105	106	107	168	167	0	0	0	0	0
106	107	108	169	168	0	0	0	0	0
107	108	109	170	169	0	0	0	0	0
108	109	110	171	170	0	0	0	0	0
109	110	111	172	171	0	0	0	0	0
110	111	112	173	172	0	0	0	0	0
111	112	113	174	173	0	0	0	0	0
112	113	114	175	174	0	0	0	0	0
113	114	115	176	175	0	0	0	0	0
114	115	116	177	176	0	0	0	0	0
115	116	117	178	177	0	0	0	0	0
116	117	118	179	178	0	0	0	0	0
117	118	119	180	179	0	0	0	0	0
118	119	120	181	180	0	0	0	0	0
119	120	121	182	181	0	0	0	0	0
120	121	122	183	182	0	0	0	0	0
121	123	124	185	184	0	0	0	0	0
122	124	125	186	185	0	0	0	0	0
123	125	126	187	186	0	0	0	0	0
124	126	127	188	187	0	0	0	0	0
125	127	128	189	188	0	0	0	0	0
126	128	129	190	189	0	0	0	0	0
127	129	130	191	190	0	0	0	0	0
128	130	131	192	191	0	0	0	0	0
129	131	132	193	192	0	0	0	0	0
130	132	133	194	193	0	0	0	0	0
131	133	134	195	194	0	0	0	0	0
132	134	135	196	195	0	0	0	0	0
133	135	136	197	196	0	0	0	0	0
134	136	137	198	197	0	0	0	0	0
135	137	138	199	198	0	0	0	0	0
136	138	139	200	199	0	0	0	0	0
137	139	140	201	200	0	0	0	0	0
138	140	141	202	201	0	0	0	0	0
139	141	142	203	202	0	0	0	0	0
140	142	143	204	203	0	0	0	0	0
141	143	144	205	204	0	0	0	0	0
142	144	145	206	205	0	0	0	0	0
143	145	146	207	206	0	0	0	0	0
144	146	147	208	207	0	0	0	0	0
145	147	148	209	208	0	0	0	0	0
146	148	149	210	209	0	0	0	0	0
147	149	150	211	210	0	0	0	0	0
148	150	151	212	211	0	0	0	0	0
149	151	152	213	212	0	0	0	0	0
150	152	153	214	213	0	0	0	0	0
151	153	154	215	214	0	0	0	0	0
152	154	155	216	215	0	0	0	0	0
153	155	156	217	216	0	0	0	0	0
154	156	157	218	217	0	0	0	0	0
155	157	158	219	218	0	0	0	0	0
156	158	159	220	219	0	0	0	0	0
157	159	160	221	220	0	0	0	0	0
158	160	161	222	221	0	0	0	0	0
159	161	162	223	222	0	0	0	0	0
160	162	163	224	223	0	0	0	0	0
161	163	164	225	224	0	0	0	0	0
162	164	165	226	225	0	0	0	0	0
163	165	166	227	226	0	0	0	0	0
164	166	167	228	227	0	0	0	0	0
165	167	168	229	228	0	0	0	0	0
166	168	169	230	229	0	0	0	0	0
167	169	170	231	230	0	0	0	0	0
168	170	171	232	231	0	0	0	0	0
169	171	172	233	232	0	0	0	0	0
170	172	173	234	233	0	0	0	0	0
171	173	174	235	234	0	0	0	0	0
172	174	175	236	235	0	0	0	0	0
173	175	176	237	236	0	0	0	0	0
174	176	177	238	237	0	0	0	0	0
175	177	178	239	238	0	0	0	0	0
176	178	179	240	239	0	0	0	0	0
177	179	180	241	240	0	0	0	0	0
178	180	181	242	241	0	0	0	0	0
179	181	182	243	242	0	0	0	0	0
180	182	183	244	243	0	0	0	0	0
181	184	185	246	245	0	0	0	0	0
182	185	186	247	246	0	0	0	0	0
183	186	187	248	247	0	0	0	0	0
184	187	188	249	248	0	0	0	0	0
185	188	189	250	249	0	0	0	0	0
186	189	190	251	250	0	0	0	0	0
187	190	191	252	251	0	0	0	0	0
188	191	192	253	252	0	0	0	0	0
189	192	193	254	253	0	0	0	0	0
190	193	194	255	254	0	0	0	0	0
191	194	195	256	255	0	0	0	0	0
192	195	196	257	256	0	0	0	0	0
193	196	197	258	257	0	0	0	0	0
194	197	198	259	258	0	0	0	0	0
195	198	199	260	259	0	0	0	0	0
196	199	200	261	260	0	0	0	0	0
197	200	201	262	261	0	0	0	0	0
198	201	202	263	262	0	0	0	0	0
199	202	203	264	263	0	0	0	0	0
200	203	204	265	264	0	0	0	0	0
201	204	205	266	265	0	0	0	0	0
202	205	206	267	266	0	0	0	0	0
203	206	207	268	267	0	0	0	0	0
204	207	208	269	268	0	0	0	0	0
205	208	209	270	269	0	0	0	0	0
206	209	210	271	270	0	0	0	0	0
207	210	211	272	271	0	0	0	0	0
208	211	212	273	272	0	0	0	0	0
209	212	213	274	273	0	0	0	0	0
210	213	214	275	274	0	0	0	0	0
211	214	215	276	275	0	0	0	0	0
212	215	216	277	276	0	0	0	0	0
213	216	217	278	277	0	0	0	0	0
214	217	218	279	278	0	0	0	0	0
215	218	219	280	279	0	0	0	0	0
216	219	220	281	280	0	0	0	0	0
217	220	221	282	281	0	0	0	0	0
218	221	222	283	282	0	0	0	0	0
219	222	223	284	283	0	0	0	0	0
220	223	224	285	284	0	0	0	0	0
221	224	225	286	285	0	0	0	0	0
222	225	226	287	286	0	0	0	0	0
223	226	227	288	287	0	0	0	0	0
224	227	228	289	288	0	0	0	0	0
225	228	229	290	289	0	0	0	0	0
226	229	230	291	290	0	0	0	0	0
227	230	231	292	291	0	0	0	0	0
228	231	232	293	292	0	0	0	0	0
229	232	233	294	293	0	0	0	0	0
230	233	234	295	294	0	0	0	0	0
231	234	235	296	295	0	0	0	0	0
232	235	236	297	296	0	0	0	0	0
233	236	237	298	297	0	0	0	0	0
234	237	238	299	298	0	0	0	0	0
235	238	239	300	299	0	0	0	0	0
236	239	240	301	300	0	0	0	0	0
237	240	241	302	301	0	0	0	0	0
238	241	242	303	302	0	0	0	0	0
239	242	243	304	303	0	0	0	0	0
240	243	244	305	304	0	0	0	0	0
241	245	246	307	306	0	0	0	0	0
242	246	247	308	307	0	0	0	0	0
243	247	248	309	308	0	0	0	0	0
244	248	249	310	309	0	0	0	0	0
245	249	250	311	310	0	0	0	0	0
246	250	251	312	311	0	0	0	0	0
247	251	252	313	312	0	0	0	0	0
248	252	253	314	313	0	0	0	0	0
249	253	254	315	314	0	0	0	0	0
250	254	255	316	315	0	0	0	0	0
251	255	256	317	316	0	0	0	0	0
252	256	257	318	317	0	0	0	0	0
253	257	258	319	318	0	0	0	0	0
254	258	259	320	319	0	0	0	0	0
255	259	260	321	320	0	0	0	0	0
256	260	261	322	321	0	0	0	0	0
257	261	262	323	322	0	0	0	0	0
258	262	263	324	323	0	0	0	0	0
259	263	264	325	324	0	0	0	0	0
260	264	265	326	325	0	0	0	0	0
261	265	266	327	326	0	0	0	0	0
262	266	267	328	327	0	0	0	0	0
263	267	268	329	328	0	0	0	0	0
264	268	269	330	329	0	0	0	0	0
265	269	270	331	330	0	0	0	0	0
266	270	271	332	331	0	0	0	0	0
267	271	272	333	332	0	0	0	0	0
268	272	273	334	333	0	0	0	0	0
269	273	274	335	334	0	0	0	0	0
270	274	275	336	335	0	0	0	0	0
271	275	276	337	336	0	0	0	0	0
272	276	277	338	337	0	0	0	0	0
273	277	278	339	338	0	0	0	0	0
274	278	279	340	339	0	0	0	0	0
275	279	280	341	340	0	0	0	0	0
276	280	281	342	341	0	0	0	0	0
277	281	282	343	342	0	0	0	0	0
278	282	283	344	343	0	0	0	0	0
279	283	284	345	344	0	0	0	0	0
280	284	285	346	345	0	0	0	0	0
281	285	286	347	346	0	0	0	0	0
282	286	287	348	347	0	0	0	0	0
283	287	288	349	348	0	0	0	0	0
284	288	289	350	349	0	0	0	0	0
285	289	290	351	350	0	0	0	0	0
286	290	291	352	351	0	0	0	0	0
287	291	292	353	352	0	0	0	0	0
288	292	293	354	353	0	0	0	0	0
289	293	294	355	354	0	0	0	0	0
290	294	295	356	355	0	0	0	0	0
291	295	296	357	356	0	0	0	0	0
292	296	297	358	357	0	0	0	0	0
293	297	298	359	358	0	0	0	0	0
294	298	299	360	359	0	0	0	0	0
295	299	300	361	360	0	0	0	0	0
296	300	301	362	361	0	0	0	0	0
297	301	302	363	362	0	0	0	0	0
298	302	303	364	363	0	0	0	0	0
299	303	304	365	364	0	0	0	0	0
300	304	305	366	365	0	0	0	0	0
301	306	307	368	367	0	0	0	0	0
302	307	308	369	368	0	0	0	0	0
303	308	309	370	369	0	0	0	0	0
304	309	310	371	370	0	0	0	0	0
305	310	311	372	371	0	0	0	0	0
306	311	312	373	372	0	0	0	0	0
307	312	313	374	373	0	0	0	0	0
308	313	314	375	374	0	0	0	0	0
309	314	315	376	375	0	0	0	0	0
310	315	316	377	376	0	0	0	0	0
311	316	317	378	377	0	0	0	0	0
312	317	318	379	378	0	0	0	0	0
313	318	319	380	379	0	0	0	0	0
314	319	320	381	380	0	0	0	0	0
315	320	321	382	381	0	0	0	0	0
316	321	322	383	382	0	0	0	0	0
317	322	323	384	383	0	0	0	0	0
318	323	324	385	384	0	0	0	0	0
319	324	325	386	385	0	0	0	0	0
320	325	326	387	386	0	0	0	0	0
321	326	327	388	387	0	0	0	0	0
322	327	328	389	388	0	0	0	0	0
323	328	329	390	389	0	0	0	0	0
324	329	330	391	390	0	0	0	0	0
325	330	331	392	391	0	0	0	0	0
326	331	332	393	392	0	0	0	0	0
327	332	333	394	393	0	0	0	0	0
328	333	334	395	394	0	0	0	0	0
329	334	335	396	395	0	0	0	0	0
330	335	336	397	396	0	0	0	0	0
331	336	337	398	397	0	0	0	0	0
332	337	338	399	398	0	0	0	0	0
333	338	339	400	399	0	0	0	0	0
334	339	340	401	400	0	0	0	0	0
335	340	341	402	401	0	0	0	0	0
336	341	342	403	402	0	0	0	0	0
337	342	343	404	403	0	0	0	0	0
338	343	344	405	404	0	0	0	0	0
339	344	345	406	405	0	0	0	0	0
340	345	346	407	406	0	0	0	0	0
341	346	347	408	407	0	0	0	0	0
342	347	348	409	408	0	0	0	0	0
343	348	349	410	409	0	0	0	0	0
344	349	350	411	410	0	0	0	0	0
345	350	351	412	411	0	0	0	0	0
346	351	352	413	412	0	0	0	0	0
347	352	353	414	413	0	0	0	0	0
348	353	354	415	414	0	0	0	0	0
349	354	355	416	415	0	0	0	0	0
350	355	356	417	416	0	0	0	0	0
351	356	357	418	417	0	0	0	0	0
352	357	358	419	418	0	0	0	0	0
353	358	359	420	419	0	0	0	0	0
354	359	360	421	420	0	0	0	0	0
355	360	361	422	421	0	0	0	0	0
356	361	362	423	422	0	0	0	0	0
357	362	363	424	423	0	0	0	0	0
358	363	364	425	424	0	0	0	0	0
359	364	365	426	425	0	0	0	0	0
360	365	366	427	426	0	0	0	0	0
361	367	368	429	428	0	0	0	0	0
362	368	369	430	429	0	0	0	0	0
363	369	370	431	430	0	0	0	0	0
364	370	371	432	431	0	0	0	0	0
365	371	372	433	432	0	0	0	0	0
366	372	373	434	433	0	0	0	0	0
367	373	374	435	434	0	0	0	0	0
368	374	375	436	435	0	0	0	0	0
369	375	376	437	436	0	0	0	0	0
370	376	377	438	437	0	0	0	0	0
371	377	378	439	438	0	0	0	0	0
372	378	379	440	439	0	0	0	0	0
373	379	380	441	440	0	0	0	0	0
374	380	381	442	441	0	0	0	0	0
375	381	382	443	442	0	0	0	0	0
376	382	383	444	443	0	0	0	0	0
377	383	384	445	444	0	0	0	0	0
378	384	385	446	445	0	0	0	0	0
379	385	386	447	446	0	0	0	0	0
380	386	387	448	447	0	0	0	0	0
381	387	388	449	448	0	0	0	0	0
382	388	389	450	449	0	0	0	0	0
383	389	390	451	450	0	0	0	0	0
384	390	391	452	451	0	0	0	0	0
385	391	392	453	452	0	0	0	0	0
386	392	393	454	453	0	0	0	0	0
387	393	394	455	454	0	0	0	0	0
388	394	395	456	455	0	0	0	0	0
389	395	396	457	456	0	0	0	0	0
390	396	397	458	457	0	0	0	0	0
391	397	398	459	458	0	0	0	0	0
392	398	399	460	459	0	0	0	0	0
393	399	400	461	460	0	0	0	0	0
394	400	401	462	461	0	0	0	0	0
395	401	402	463	462	0	0	0	0	0
396	402	403	464	463	0	0	0	0	0
397	403	404	465	464	0	0	0	0	0
398	404	405	466	465	0	0	0	0	0
399	405	406	467	466	0	0	0	0	0
400	406	407	468	467	0	0	0	0	0
401	407	408	469	468	0	0	0	0	0
402	408	409	470	469	0	0	0	0	0
403	409	410	471	470	0	0	0	0	0
404	410	411	472	471	0	0	0	0	0
405	411	412	473	472	0	0	0	0	0
406	412	413	474	473	0	0	0	0	0
407	413	414	475	474	0	0	0	0	0
408	414	415	476	475	0	0	0	0	0
409	415	416	477	476	0	0	0	0	0
410	416	417	478	477	0	0	0	0	0
411	417	418	479	478	0	0	0	0	0
412	418	419	480	479	0	0	0	0	0
413	419	420	481	480	0	0	0	0	0
414	420	421	482	481	0	0	0	0	0
415	421	422	483	482	0	0	0	0	0
416	422	423	484	483	0	0	0	0	0
417	423	424	485	484	0	0	0	0	0
418	424	425	486	485	0	0	0	0	0
419	425	426	487	486	0	0	0	0	0
420	426	427	488	487	0	0	0	0	0
421	428	429	490	489	0	0	0	0	0
422	429	430	491	490	0	0	0	0	0
423	430	431	492	491	0	0	0	0	0
424	431	432	493	492	0	0	0	0	0
425	432	433	494	493	0	0	0	0	0
426	433	434	495	494	0	0	0	0	0
427	434	435	496	495	0	0	0	0	0
428	435	436	497	496	0	0	0	0	0
429	436	437	498	497	0	0	0	0	0
430	437	438	499	498	0	0	0	0	0
431	438	439	500	499	0	0	0	0	0
432	439	440	501	500	0	0	0	0	0
433	440	441	502	501	0	0	0	0	0
434	441	442	503	502	0	0	0	0	0
435	442	443	504	503	0	0	0	0	0
436	443	444	505	504	0	0	0	0	0
437	444	445	506	505	0	0	0	0	0
438	445	446	507	506	0	0	0	0	0
439	446	447	508	507	0	0	0	0	0
440	447	448	509	508	0	0	0	0	0
441	448	449	510	509	0	0	0	0	0
442	449	450	511	510	0	0	0	0	0
443	450	451	512	511	0	0	0	0	0
444	451	452	513	512	0	0	0	0	0
445	452	453	514	513	0	0	0	0	0
446	453	454	515	514	0	0	0	0	0
447	454	455	516	515	0	0	0	0	0
448	455	456	517	516	0	0	0	0	0
449	456	457	518	517	0	0	0	0	0
450	457	458	519	518	0	0	0	0	0
451	458	459	520	519	0	0	0	0	0
452	459	460	521	520	0	0	0	0	0
453	460	461	522	521	0	0	0	0	0
454	461	462	523	522	0	0	0	0	0
455	462	463	524	523	0	0	0	0	0
456	463	464	525	524	0	0	0	0	0
457	464	465	526	525	0	0	0	0	0
458	465	466	527	526	0	0	0	0	0
459	466	467	528	527	0	0	0	0	0
460	467	468	529	528	0	0	0	0	0
461	468	469	530	529	0	0	0	0	0
462	469	470	531	530	0	0	0	0	0
463	470	471	532	531	0	0	0	0	0
464	471	472	533	532	0	0	0	0	0
465	472	473	534	533	0	0	0	0	0
466	473	474	535	534	0	0	0	0	0
467	474	475	536	535	0	0	0	0	0
468	475	476	537	536	0	0	0	0	0
469	476	477	538	537	0	0	0	0	0
470	477	478	539	538	0	0	0	0	0
471	478	479	540	539	0	0	0	0	0
472	479	480	541	540	0	0	0	0	0
473	480	481	542	541	0	0	0	0	0
474	481	482	543	542	0	0	0	0	0
475	482	483	544	543	0	0	0	0	0
476	483	484	545	544	0	0	0	0	0
477	484	485	546	545	0	0	0	0	0
478	485	486	547	546	0	0	0	0	0
479	486	487	548	547	0	0	0	0	0
480	487	488	549	548	0	0	0	0	0
481	489	490	551	550	0	0	0	0	0
482	490	491	552	551	0	0	0	0	0
483	491	492	553	552	0	0	0	0	0
484	492	493	554	553	0	0	0	0	0
485	493	494	555	554	0	0	0	0	0
486	494	495	556	555	0	0	0	0	0
487	495	496	557	556	0	0	0	0	0
488	496	497	558	557	0	0	0	0	0
489	497	498	559	558	0	0	0	0	0
490	498	499	560	559	0	0	0	0	0
491	499	500	561	560	0	0	0	0	0
492	500	501	562	561	0	0	0	0	0
493	501	502	563	562	0	0	0	0	0
494	502	503	564	563	0	0	0	0	0
495	503	504	565	564	0	0	0	0	0
496	504	505	566	565	0	0	0	0	0
497	505	506	567	566	0	0	0	0	0
498	506	507	568	567	0	0	0	0	0
499	507	508	569	568	0	0	0	0	0
500	508	509	570	569	0	0	0	0	0
501	509	510	571	570	0	0	0	0	0
502	510	511	572	571	0	0	0	0	0
503	511	512	573	572	0	0	0	0	0
504	512	513	574	573	0	0	0	0	0
505	513	514	575	574	0	0	0	0	0
506	514	515	576	575	0	0	0	0	0
507	515	516	577	576	0	0	0	0	0
508	516	517	578	577	0	0	0	0	0
509	517	518	579	578	0	0	0	0	0
510	518	519	580	579	0	0	0	0	0
511	519	520	581	580	0	0	0	0	0
512	520	521	582	581	0	0	0	0	0
513	521	522	583	582	0	0	0	0	0
514	522	523	584	583	0	0	0	0	0
515	523	524	585	584	0	0	0	0	0
516	524	525	586	585	0	0	0	0	0
517	525	526	587	586	0	0	0	0	0
518	526	527	588	587	0	0	0	0	0
519	527	528	589	588	0	0	0	0	0
520	528	529	590	589	0	0	0	0	0
521	529	530	591	590	0	0	0	0	0
522	530	531	592	591	0	0	0	0	0
523	531	532	593	592	0	0	0	0	0
524	532	533	594	593	0	0	0	0	0
525	533	534	595	594	0	0	0	0	0
526	534	535	596	595	0	0	0	0	0
527	535	536	597	596	0	0	0	0	0
528	536	537	598	597	0	0	0	0	0
529	537	538	599	598	0	0	0	0	0
530	538	539	600	599	0	0	0	0	0
531	539	540	601	600	0	0	0	0	0
532	540	541	602	601	0	0	0	0	0
533	541	542	603	602	0	0	0	0	0
534	542	543	604	603	0	0	0	0	0
535	543	544	605	604	0	0	0	0	0
536	544	545	606	605	0	0	0	0	0
537	545	546	607	606	0	0	0	0	0
538	546	547	608	607	0	0	0	0	0
539	547	548	609	608	0	0	0	0	0
540	548	549	610	609	0	0	0	0	0
541	550	551	612	611	0	0	0	0	0
542	551	552	613	612	0	0	0	0	0
543	552	553	614	613	0	0	0	0	0
544	553	554	615	614	0	0	0	0	0
545	554	555	616	615	0	0	0	0	0
546	555	556	617	616	0	0	0	0	0
547	556	557	618	617	0	0	0	0	0
548	557	558	619	618	0	0	0	0	0
549	558	559	620	619	0	0	0	0	0
550	559	560	621	620	0	0	0	0	0
551	560	561	622	621	0	0	0	0	0
552	561	562	623	622	0	0	0	0	0
553	562	563	624	623	0	0	0	0	0
554	563	564	625	624	0	0	0	0	0
555	564	565	626	625	0	0	0	0	0
556	565	566	627	626	0	0	0	0	0
557	566	567	628	627	0	0	0	0	0
558	567	568	629	628	0	0	0	0	0
559	568	569	630	629	0	0	0	0	0
560	569	570	631	630	0	0	0	0	0
561	570	571	632	631	0	0	0	0	0
562	571	572	633	632	0	0	0	0	0
563	572	573	634	633	0	0	0	0	0
564	573	574	635	634	0	0	0	0	0
565	574	575	636	635	0	0	0	0	0
566	575	576	637	636	0	0	0	0	0
567	576	577	638	637	0	0	0	0	0
568	577	578	639	638	0	0	0	0	0
569	578	579	640	639	0	0	0	0	0
570	579	580	641	640	0	0	0	0	0
571	580	581	642	641	0	0	0	0	0
572	581	582	643	642	0	0	0	0	0
573	582	583	644	643	0	0	0	0	0
574	583	584	645	644	0	0	0	0	0
575	584	585	646	645	0	0	0	0	0
576	585	586	647	646	0	0	0	0	0
577	586	587	648	647	0	0	0	0	0
578	587	588	649	648	0	0	0	0	0
579	588	589	650	649	0	0	0	0	0
580	589	590	651	650	0	0	0	0	0
581	590	591	652	651	0	0	0	0	0
582	591	592	653	652	0	0	0	0	0
583	592	593	654	653	0	0	0	0	0
584	593	594	655	654	0	0	0	0	0
585	594	595	656	655	0	0	0	0	0
586	595	596	657	656	0	0	0	0	0
587	596	597	658	657	0	0	0	0	0
588	597	598	659	658	0	0	0	0	0
589	598	599	660	659	0	0	0	0	0
590	599	600	661	660	0	0	0	0	0
591	600	601	662	661	0	0	0	0	0
592	601	602	663	662	0	0	0	0	0
593	602	603	664	663	0	0	0	0	0
594	603	604	665	664	0	0	0	0	0
595	604	605	666	665	0	0	0	0	0
596	605	606	667	666	0	0	0	0	0
597	606	607	668	667	0	0	0	0	0
598	607	608	669	668	0	0	0	0	0
599	608	609	670	669	0	0	0	0	0
600	609	610	671	670	0	0	0	0	0
